ts_ms,funding_rate_1h
1683849600048,-0.0006133368
1683878400388,-0.000745027
1683907200253,-0.0008179771
1683936000278,-0.0004403551
1683964800255,-0.0001034319
1683993600054,-0.0001380334
1684022400087,-0.0002227042
1684051200271,-0.0002137192
1684080000380,-0.0001945397
1684108800374,-7.82041e-05
1684137600045,-0.0001276332
1684166400409,-0.0001288077
1684195200447,-2.53654e-05
1684224000126,-0.000129521
1684252800731,-4.62775e-05
1684281600067,-2.61481e-05
1684310400279,0.0001
1684339200024,0.0001
1684368000048,0.0001
1684396800038,-6.4613e-06
1684425600052,-6.7035e-06
1684454400026,8.92339e-05
1684483200158,0.0001
1684512000396,9.1624e-05
1684540800029,3.66019e-05
1684569600111,6.1012e-05
1684598400345,6.5076e-06
1684627200095,-0.0002138913
1684656000013,-0.0001202087
1684684800088,-0.0001198537
1684713600066,-0.0001554343
1684742400290,-0.0002855006
1684771200159,-0.000269228
1684800000022,-0.0001899086
1684830233040,-0.0001754061
1684857600079,-0.0001552822
1684886400035,-0.000110501
1684915200002,-0.000180935
1684944000001,-0.0001998793
1684972800233,-0.0001763761
1685001600374,-7.40973e-05
1685030400209,-9.98004e-05
1685059200136,-8.10263e-05
1685088000044,-0.0001183066
1685116800180,-0.0001308069
1685145600015,-9.70696e-05
1685174400106,-8.23054e-05
1685203200044,-9.7019e-05
1685232000362,-0.000207327
1685260800081,-0.0003484458
1685289600156,-0.0001325304
1685318400082,-5.52924e-05
1685347200068,4.41208e-05
1685376000081,-2.9903e-05
1685404800148,-1.51245e-05
1685433600206,0.0001
1685462400053,0.0001
1685491200047,0.0001
1685520000219,0.0001
1685548800323,0.0001
1685577600139,0.0001
1685606400067,0.0001
1685635200096,3.06061e-05
1685664000428,-3.65626e-05
1685692800113,-9.1338e-06
1685721600038,2.613e-06
1685750400055,-5.30844e-05
1685779200071,-1.51792e-05
1685808000011,-6.86994e-05
1685836800341,-7.33253e-05
1685865600084,-2.06972e-05
1685894400195,-7.1422e-06
1685923200078,2.8243e-05
1685952000375,-1.77927e-05
1685980800060,-3.88377e-05
1686009600279,-0.0001672619
1686038400072,0.0001
1686067200128,0.0001
1686096000420,0.0001
1686124800037,0.0001
1686153600026,0.0001
1686182400254,0.0001
1686186000054,1.25e-05
1686189600123,1.25e-05
1686193200373,1.25e-05
1686196800022,1.25e-05
1686200400074,1.25e-05
1686204000106,1.25e-05
1686207600059,1.25e-05
1686211200002,1.25e-05
1686214800030,1.25e-05
1686218400406,1.25e-05
1686222000055,1.25e-05
1686225600056,1.25e-05
1686229200091,1.25e-05
1686232800160,1.25e-05
1686236400429,1.25e-05
1686240000062,1.25e-05
1686243600054,1.25e-05
1686247200012,1.25e-05
1686250800086,1.25e-05
1686254400353,1.25e-05
1686258000321,1.25e-05
1686261600024,1.25e-05
1686265200342,1.25e-05
1686268800088,1.25e-05
1686272400255,1.25e-05
1686276000108,1.25e-05
1686279600015,1.25e-05
1686283200356,1.25e-05
1686286800040,1.25e-05
1686290400089,1.25e-05
1686294000204,1.25e-05
1686297600150,1.25e-05
1686301200228,1.25e-05
1686304800075,1.25e-05
1686308400086,1.25e-05
1686312000041,1.25e-05
1686315600073,1.25e-05
1686319200034,1.25e-05
1686322800258,1.25e-05
1686326400196,1.25e-05
1686330000108,1.25e-05
1686333600398,1.25e-05
1686337200050,1.25e-05
1686340800107,1.25e-05
1686344400045,1.25e-05
1686348000137,1.25e-05
1686351600007,1.25e-05
1686355200089,1.25e-05
1686358800046,1.25e-05
1686362400029,1.25e-05
1686366000021,1.25e-05
1686369600061,1.25e-05
1686373200110,1.55544e-05
1686376800102,4.33425e-05
1686380400262,4.79961e-05
1686384000047,4.94176e-05
1686387600062,3.73625e-05
1686391200106,2.39268e-05
1686394800009,2.11591e-05
1686398400056,1.91185e-05
1686402000157,3.605e-05
1686405600091,3.31765e-05
1686409200086,3.87226e-05
1686412800155,3.67592e-05
1686416400157,3.31005e-05
1686420000161,9.57744e-05
1686423600337,8.6884e-05
1686427200442,4.71132e-05
1686430800309,4.97588e-05
1686434400292,3.01659e-05
1686438000089,2.80106e-05
1686441600098,2.13738e-05
1686445200065,2.56264e-05
1686448800067,1.25e-05
1686452400083,1.25e-05
1686456000382,1.50071e-05
1686459600342,1.5543e-05
1686463200216,1.5e-05
1686466800178,2.28116e-05
1686470400036,1.25e-05
1686474000438,1.30317e-05
1686477600111,1.25e-05
1686481200054,1.25e-05
1686484800423,1.45404e-05
1686488400320,1.42098e-05
1686492000006,1.70486e-05
1686495600354,1.40736e-05
1686499200003,1.5952e-05
1686502800001,4.3373e-05
1686506400003,6.12039e-05
1686510000059,4.01676e-05
1686513600204,4.31598e-05
1686517200014,3.99832e-05
1686520800072,3.6179e-05
1686524400083,3.74343e-05
1686528000110,3.04198e-05
1686531600059,2.95083e-05
1686535200075,3.7596e-05
1686538800432,5.55929e-05
1686542400031,2.34327e-05
1686546000201,2.15581e-05
1686549600188,1.2771e-05
1686553200016,1.27441e-05
1686556800170,1.25e-05
1686560400004,1.96143e-05
1686564000034,3.52364e-05
1686567600043,3.1628e-05
1686571200074,2.26479e-05
1686574800419,1.92607e-05
1686578400033,4.42954e-05
1686582000276,4.07683e-05
1686585600061,2.75502e-05
1686589200011,1.70983e-05
1686592800257,5.93687e-05
1686596400051,5.31883e-05
1686600000302,3.76172e-05
1686603600061,3.98741e-05
1686607200045,3.19933e-05
1686610800043,3.26848e-05
1686614400002,2.6159e-05
1686618000232,4.82651e-05
1686621600075,4.5417e-05
1686625200235,4.51174e-05
1686628800063,3.06513e-05
1686632400076,2.54875e-05
1686636000327,2.4804e-05
1686639600364,2.15002e-05
1686643200051,1.72283e-05
1686646800206,4.04185e-05
1686650400024,3.70868e-05
1686654000130,2.66713e-05
1686657600055,3.62582e-05
1686661200038,6.31709e-05
1686664800288,6.23099e-05
1686668400345,5.21951e-05
1686672000459,5.85779e-05
1686675600086,3.5946e-05
1686679200427,2.81125e-05
1686682800084,3.85012e-05
1686686400071,1.76186e-05
1686690000155,3.2638e-05
1686693600143,1.77374e-05
1686697200103,1.48808e-05
1686700800130,1.25e-05
1686704400103,2.06488e-05
1686708000172,1.83983e-05
1686711600120,2.06011e-05
1686715200042,1.74623e-05
1686718800158,1.30959e-05
1686722400156,2.15656e-05
1686726000038,1.93682e-05
1686729600419,1.61293e-05
1686733200416,1.37326e-05
1686736800013,1.25e-05
1686740400133,1.60624e-05
1686744000195,1.41347e-05
1686747600070,2.4576e-05
1686751200144,2.21617e-05
1686754800068,1.58195e-05
1686758400298,1.25e-05
1686762000012,1.86854e-05
1686765600338,4.35078e-05
1686769200261,7.79958e-05
1686772800061,4.26409e-05
1686776400121,0.0001230775
1686780000206,5.4366e-05
1686783600104,2.40445e-05
1686787200065,1.8929e-05
1686790800191,2.04005e-05
1686794400166,1.72507e-05
1686798000003,2.79991e-05
1686801600143,2.46234e-05
1686805200129,2.22157e-05
1686808800070,2.45906e-05
1686812400043,4.00759e-05
1686816000059,3.68614e-05
1686819600001,1.25e-05
1686823200114,1.29103e-05
1686826800150,2.51208e-05
1686830400113,3.78277e-05
1686834000060,4.86641e-05
1686837600169,3.63444e-05
1686841200037,3.50384e-05
1686844800082,6.40361e-05
1686848400181,5.64038e-05
1686852000061,1.87067e-05
1686855600138,2.28433e-05
1686859200087,2.24216e-05
1686862800184,1.88969e-05
1686866400161,2.13272e-05
1686870000091,1.25e-05
1686873600016,2.1106e-05
1686877200117,8.91677e-05
1686880800014,8.68533e-05
1686884400154,1.25e-05
1686888000030,1.25e-05
1686891600216,1.25e-05
1686895200209,1.25e-05
1686898800108,1.25e-05
1686902400181,1.25e-05
1686906000086,1.25e-05
1686909600118,1.25e-05
1686913200496,1.25e-05
1686916800005,1.25e-05
1686920400472,1.25e-05
1686924000155,1.25e-05
1686927600164,1.25e-05
1686931200039,1.25e-05
1686934800109,1.25e-05
1686938400049,1.25e-05
1686942000574,1.25e-05
1686945600020,1.25e-05
1686949200129,3.37451e-05
1686952800105,3.94556e-05
1686956400106,2.56626e-05
1686960000166,3.26933e-05
1686963600148,2.23019e-05
1686967200128,1.15618e-05
1686970800070,-2.57047e-05
1686974400073,-2.57438e-05
1686978000241,-1.32561e-05
1686981600074,2.21042e-05
1686985200099,1.18262e-05
1686988800026,-9.433e-07
1686992400194,-1.0145e-06
1686996000010,-5.933e-06
1686999600155,-7.851e-06
1687003200180,8.992e-07
1687006800083,9.834e-06
1687010400161,-8.0466e-06
1687014000213,-5.1428e-06
1687017600022,5.5097e-06
1687021200141,-3.5747e-06
1687024800129,-3.9357e-06
1687028400006,-1.487e-06
1687032000027,-1.55527e-05
1687035600085,-7.1843e-06
1687039200122,-5.4747e-06
1687042800314,-1.79934e-05
1687046400182,-1.25218e-05
1687050000315,2.0725e-06
1687053600176,2.531e-07
1687057200073,-5.6505e-06
1687060800018,-2.0123e-06
1687064400034,1.5255e-06
1687068000006,-6.2605e-06
1687071600009,-4.4056e-06
1687075200002,-8.7601e-06
1687078800081,-7.7664e-06
1687082400070,-3.9398e-06
1687086000093,-8.1065e-06
1687089600171,-2.9641e-06
1687093200011,-7.0732e-06
1687096800116,-3.9312e-06
1687100400096,-4.8837e-06
1687104000155,-2.528e-06
1687107600072,-5.5641e-06
1687111200129,-4.8757e-06
1687114800004,-9.5036e-06
1687118400075,1.4399e-06
1687122000206,1.10881e-05
1687125600063,-5.6563e-06
1687129200137,2.253e-06
1687132800040,1.47926e-05
1687136400182,6.3613e-06
1687140000192,1.2722e-06
1687143600031,-5.8744e-06
1687147200204,-1.7203e-06
1687150800115,-1.0466e-06
1687154400108,-5.807e-06
1687158000048,-9.6581e-06
1687161600117,-1.21357e-05
1687165200180,-1.01856e-05
1687168800057,-8.1396e-06
1687172400151,-9.7856e-06
1687176000100,-9.9358e-06
1687179600149,-2.4063e-06
1687183200085,-6.6966e-06
1687186800094,-2.541e-06
1687190400167,-1.19137e-05
1687194000197,-8.5423e-06
1687197600087,1.01576e-05
1687201200124,4.03705e-05
1687204800202,1.30944e-05
1687208400028,7.2679e-06
1687212000136,-8.6568e-06
1687215600183,-1.2223e-05
1687219200095,-1.7595e-05
1687222800146,9.7498e-06
1687226400150,3.15664e-05
1687230000213,1.78501e-05
1687233600075,1.8856e-06
1687237200082,2.2919e-06
1687240800171,1.2059e-05
1687244400077,-3.1364e-06
1687248000101,-1.32405e-05
1687251600076,7.5566e-06
1687255200051,1.00906e-05
1687258800042,5.833e-06
1687262400013,5.521e-06
1687266000229,1.96163e-05
1687269600145,8.5515e-06
1687273200190,2.67963e-05
1687276800047,2.03463e-05
1687280400132,3.53658e-05
1687284000070,7.878e-05
1687287600209,7.18293e-05
1687291200245,5.66143e-05
1687294800113,6.20703e-05
1687298400151,5.86241e-05
1687302000177,4.44834e-05
1687305600122,3.74648e-05
1687309200106,3.71709e-05
1687312800144,0.0001359822
1687316400023,4.22163e-05
1687320000025,4.57759e-05
1687323600054,5.24054e-05
1687327200072,4.51102e-05
1687330800064,3.83574e-05
1687334400010,1.97688e-05
1687338000167,2.88429e-05
1687341600146,2.57815e-05
1687345200035,3.30657e-05
1687348800807,2.85135e-05
1687352400137,3.3419e-05
1687356000049,3.8812e-05
1687359600006,4.82366e-05
1687363200103,6.31787e-05
1687366800070,0.000131792
1687370400158,0.0001171214
1687374000202,7.25312e-05
1687377600059,6.8921e-05
1687381200102,5.10611e-05
1687384800115,5.9433e-05
1687388400023,4.94863e-05
1687392000381,3.63655e-05
1687395600016,4.92274e-05
1687399200059,4.5147e-05
1687402800314,3.61946e-05
1687406400150,2.99035e-05
1687410000019,2.75903e-05
1687413600098,2.02867e-05
1687417200136,3.87691e-05
1687420800068,3.55426e-05
1687424400025,2.67482e-05
1687428000469,1.46294e-05
1687431600851,8.2535e-06
1687435200054,1.94968e-05
1687438800195,9.9601e-06
1687442400077,1.87303e-05
1687446000183,4.18977e-05
1687449600093,2.54655e-05
1687453200464,1.1359e-05
1687456800158,1.36881e-05
1687460400028,2.43336e-05
1687464000216,2.29203e-05
1687467600041,-1.4876e-06
1687471200171,-2.89581e-05
1687474800089,3.6916e-06
1687478400068,5.1876e-06
1687482000164,-6.44e-07
1687485600171,-5.0911e-06
1687489200087,-1.5034e-06
1687492800173,3.4093e-06
1687496400074,-3.0375e-06
1687500000108,-9.7427e-06
1687503600164,-3.2867e-06
1687507200067,1.5131e-06
1687510800158,-3.1796e-06
1687514400002,-1.06756e-05
1687518000046,-2.4168e-06
1687521600308,-7.6639e-06
1687525200100,-1.8692e-06
1687528800048,-6.9119e-06
1687532400452,1.22625e-05
1687536000030,7.49636e-05
1687539600143,3.7114e-05
1687543200101,5.23359e-05
1687546800082,5.25741e-05
1687550400003,5.39994e-05
1687554000058,3.81074e-05
1687557600989,3.19346e-05
1687561200014,3.41282e-05
1687564800118,2.60105e-05
1687568400118,3.02323e-05
1687572000013,4.40634e-05
1687575600139,4.29073e-05
1687579200142,2.88888e-05
1687582800017,3.65016e-05
1687586400065,2.89789e-05
1687590000097,3.68217e-05
1687593600170,3.86167e-05
1687597200042,4.89206e-05
1687600800188,4.9069e-05
1687604400177,4.02546e-05
1687608000182,4.11558e-05
1687611600056,4.27268e-05
1687615200140,3.11228e-05
1687618800270,2.96942e-05
1687622400011,4.36689e-05
1687626000119,3.39171e-05
1687629600098,3.91963e-05
1687633200118,3.00648e-05
1687636800106,2.41431e-05
1687640400164,3.14092e-05
1687644000166,2.50051e-05
1687647600203,2.5165e-05
1687651200049,2.3574e-05
1687654800150,3.38568e-05
1687658400006,3.23075e-05
1687662000143,2.37759e-05
1687665600025,2.66796e-05
1687669200089,4.7891e-05
1687672800028,3.15041e-05
1687676400121,3.38987e-05
1687680000061,1.77533e-05
1687683600152,1.44762e-05
1687687200201,1.97945e-05
1687690800134,1.4425e-05
1687694400095,2.76612e-05
1687698000066,2.56722e-05
1687701600284,3.43767e-05
1687705200044,3.18112e-05
1687708800047,1.45814e-05
1687712400163,2.13107e-05
1687716000153,2.31968e-05
1687719600045,2.93273e-05
1687723200276,3.27421e-05
1687726800173,3.6431e-05
1687730400042,3.24265e-05
1687734000378,2.58348e-05
1687737600147,2.77737e-05
1687741200115,3.98218e-05
1687744800029,5.66199e-05
1687748400161,2.94027e-05
1687752000021,2.43269e-05
1687755600193,1.53088e-05
1687759200139,2.50215e-05
1687762800102,2.96526e-05
1687766400077,4.39672e-05
1687770000117,3.81436e-05
1687773600047,2.55772e-05
1687777200013,1.98397e-05
1687780800056,8.3939e-06
1687784400110,6.8446e-06
1687788000104,1.5404e-05
1687791600160,3.68566e-05
1687795200080,2.90457e-05
1687798800279,3.64199e-05
1687802400011,4.14731e-05
1687806000098,2.26806e-05
1687809600033,1.89059e-05
1687813200084,1.80763e-05
1687816800010,2.28854e-05
1687820400151,2.50498e-05
1687824000015,1.95499e-05
1687827600409,2.43863e-05
1687831200017,2.15571e-05
1687834800137,2.14438e-05
1687838400129,3.68196e-05
1687842000028,3.30287e-05
1687845600198,3.48198e-05
1687849200075,4.10502e-05
1687852800169,3.77986e-05
1687856400198,4.93973e-05
1687860000025,4.25224e-05
1687863600097,5.08102e-05
1687867200407,3.97934e-05
1687870800012,4.36958e-05
1687874400190,7.7424e-05
1687878000207,8.91851e-05
1687881600011,6.06811e-05
1687885200150,4.20234e-05
1687888800168,3.67473e-05
1687892400093,3.0219e-05
1687896000161,3.31555e-05
1687899600024,3.60089e-05
1687903200153,5.83966e-05
1687906800106,4.16191e-05
1687910400001,3.46273e-05
1687914000299,3.97236e-05
1687917600161,1.92546e-05
1687921200174,1.86266e-05
1687924800069,1.58059e-05
1687928400200,1.32486e-05
1687932000106,6.3018e-06
1687935600169,9.6676e-06
1687939200099,1.09746e-05
1687942800053,6.1842e-06
1687946400178,2.8857e-06
1687950000027,-9.759e-06
1687953600051,-7.9744e-06
1687957200042,1.71436e-05
1687960800156,1.96301e-05
1687964400099,1.01639e-05
1687968000103,5.078e-06
1687971600089,9.984e-06
1687975200088,1.12424e-05
1687978800100,7.1748e-06
1687982400020,2.48874e-05
1687986000114,1.06364e-05
1687989600026,1.06825e-05
1687993200189,1.04219e-05
1687996800119,4.0895e-06
1688000400651,1.9763e-05
1688004000161,6.8235e-06
1688007600194,1.43537e-05
1688011200059,1.63966e-05
1688014800214,-2.3858e-06
1688018400116,-6.1438e-06
1688022000066,-7.4022e-06
1688025600030,7.7753e-06
1688029200117,1.9198e-06
1688032800401,7.678e-06
1688036400031,2.06259e-05
1688040000044,2.67882e-05
1688043600024,1.64188e-05
1688047200168,2.94713e-05
1688050800073,2.01518e-05
1688054400000,8.7947e-06
1688058000026,1.11897e-05
1688061600445,3.40413e-05
1688065200110,2.24204e-05
1688068800151,2.58021e-05
1688072400032,3.01667e-05
1688076000143,2.89822e-05
1688079600071,1.63816e-05
1688083200039,1.01458e-05
1688086800028,1.61253e-05
1688090400275,1.62613e-05
1688094000005,2.31169e-05
1688097600158,3.14544e-05
1688101200106,5.42146e-05
1688104800016,6.12009e-05
1688108400218,3.46508e-05
1688112000158,3.9755e-05
1688115600200,4.02313e-05
1688119200075,3.38473e-05
1688122800097,3.05282e-05
1688126400087,2.26012e-05
1688130000357,4.63598e-05
1688133600011,0.0001089142
1688137200121,0.0001160851
1688140800065,4.30865e-05
1688144400078,6.52117e-05
1688148000173,9.38348e-05
1688151600174,7.5193e-05
1688155200179,6.78403e-05
1688158800067,6.70702e-05
1688162400105,5.51123e-05
1688166000500,5.00378e-05
1688169600189,5.08721e-05
1688173200008,5.7907e-05
1688176800067,4.87348e-05
1688180400024,4.51181e-05
1688184000166,3.99011e-05
1688187600117,5.54294e-05
1688191200051,4.05873e-05
1688194800137,3.47078e-05
1688198400278,3.93432e-05
1688202000155,3.51307e-05
1688205600136,3.97473e-05
1688209200069,4.12598e-05
1688212800227,4.81806e-05
1688216400071,5.11933e-05
1688220000212,5.24053e-05
1688223600085,5.5821e-05
1688227200066,6.46388e-05
1688230800166,6.2217e-05
1688234400213,4.79142e-05
1688238000405,4.75937e-05
1688241600141,4.53652e-05
1688245200081,4.2181e-05
1688248800159,3.90848e-05
1688252400002,4.37794e-05
1688256000133,4.54504e-05
1688259600093,6.26746e-05
1688263200048,6.2003e-05
1688266800285,7.97685e-05
1688270400093,6.71674e-05
1688274000017,7.34503e-05
1688277600176,7.11613e-05
1688281200221,7.25217e-05
1688284800072,6.39858e-05
1688288400064,6.47763e-05
1688292000084,6.13012e-05
1688295600093,7.02582e-05
1688299200145,7.15509e-05
1688302800005,6.01904e-05
1688306400029,6.47453e-05
1688310000117,8.80742e-05
1688313600370,9.81653e-05
1688317200005,7.91788e-05
1688320800166,5.86976e-05
1688324400235,7.14831e-05
1688331600180,4.73405e-05
1688335200112,5.31633e-05
1688338800201,9.16306e-05
1688342400162,7.78376e-05
1688346000081,5.26932e-05
1688349600278,5.58204e-05
1688353200194,5.29532e-05
1688356800066,4.63114e-05
1688360400066,5.47109e-05
1688364000158,4.94566e-05
1688367600110,6.4497e-05
1688371200172,7.08471e-05
1688374800195,0.0001197763
1688378400017,9.79533e-05
1688382000022,0.0001089694
1688385600054,0.0001279054
1688389200041,0.0001252222
1688392800379,0.0001101545
1688396400144,0.0001043663
1688400000092,0.0001036911
1688403600184,9.54792e-05
1688407200064,8.18667e-05
1688410800163,8.68987e-05
1688414400113,0.0001161341
1688418000502,9.08096e-05
1688421600201,8.98856e-05
1688425200188,7.30338e-05
1688428800072,5.9167e-05
1688432400024,5.70893e-05
1688436000154,6.96e-05
1688439600054,5.22901e-05
1688443200063,4.99259e-05
1688446800103,5.71243e-05
1688450400063,5.48768e-05
1688454000058,5.1555e-05
1688457600029,4.18194e-05
1688461200033,4.207e-05
1688464800063,5.88899e-05
1688468400017,5.61187e-05
1688472000073,4.97434e-05
1688475600078,6.22608e-05
1688479200074,6.36302e-05
1688482800106,6.31097e-05
1688486400152,7.40908e-05
1688490000259,9.07946e-05
1688493600181,7.39671e-05
1688497200336,6.64662e-05
1688500800055,4.29747e-05
1688504400071,2.18899e-05
1688508000069,1.62502e-05
1688511600097,2.6087e-05
1688515200201,2.70701e-05
1688518800213,2.32286e-05
1688522400203,1.6031e-05
1688526000151,1.78793e-05
1688529600020,1.24465e-05
1688533200188,1.02175e-05
1688536800868,2.2096e-06
1688540400320,6.7586e-06
1688544000422,1.20979e-05
1688547600004,3.70073e-05
1688551200058,2.5596e-05
1688554800079,3.88303e-05
1688558400202,3.26064e-05
1688562000002,3.77589e-05
1688565600120,5.26691e-05
1688569200184,3.41808e-05
1688572800124,2.78271e-05
1688576400145,1.84615e-05
1688580000322,2.52059e-05
1688583600137,2.30581e-05
1688587200189,2.00278e-05
1688590800065,2.31983e-05
1688594400063,1.88287e-05
1688598000171,2.76431e-05
1688601600104,2.29456e-05
1688605200174,2.49814e-05
1688608800187,2.06402e-05
1688612400098,2.53804e-05
1688616000175,1.04662e-05
1688619600185,8.451e-07
1688623200217,1.63766e-05
1688626800087,2.16223e-05
1688630400133,4.5725e-06
1688634000290,4.16752e-05
1688637600088,8.72293e-05
1688641200192,4.7867e-05
1688644800006,3.35119e-05
1688648400001,2.89174e-05
1688652000020,1.40102e-05
1688655600083,7.37928e-05
1688659200165,5.76581e-05
1688662800170,6.46036e-05
1688666400236,5.6032e-05
1688670000245,5.40998e-05
1688673600126,5.81888e-05
1688677200065,4.85031e-05
1688680800091,5.95172e-05
1688684400088,4.16172e-05
1688688000296,9.0385e-05
1688691600219,0.000114384
1688695200408,6.54807e-05
1688698800351,5.62858e-05
1688702400092,6.9763e-05
1688706000055,7.09189e-05
1688709600190,9.89998e-05
1688713200072,9.62785e-05
1688716800039,9.07059e-05
1688720400104,8.59673e-05
1688724000175,6.85792e-05
1688727600276,7.08328e-05
1688731200135,7.48433e-05
1688734800197,0.0001167556
1688738400149,9.90252e-05
1688742000198,7.87118e-05
1688745600167,5.54285e-05
1688749200044,4.63967e-05
1688752800064,8.1507e-06
1688756400064,6.88484e-05
1688760000026,5.73615e-05
1688763600171,5.86188e-05
1688767200352,5.97984e-05
1688770800007,4.96645e-05
1688774400142,3.64211e-05
1688778000183,3.99164e-05
1688781600018,4.19826e-05
1688785200000,5.72487e-05
1688788800187,4.57973e-05
1688792400154,5.34968e-05
1688796000046,3.55634e-05
1688799600053,2.5654e-05
1688803200115,1.75503e-05
1688806800382,3.61057e-05
1688810400087,3.01209e-05
1688814000175,2.60987e-05
1688817600008,2.79067e-05
1688821200145,2.09792e-05
1688824800117,1.42266e-05
1688828400086,1.29115e-05
1688832000293,2.27061e-05
1688835600147,3.25979e-05
1688839200213,2.58565e-05
1688842800182,2.42315e-05
1688846400202,4.277e-05
1688850000194,3.40059e-05
1688853600098,1.87845e-05
1688857200131,2.84468e-05
1688860800175,3.44096e-05
1688864400029,3.90785e-05
1688868000208,4.20999e-05
1688871600325,3.09057e-05
1688875200132,2.86207e-05
1688878800284,2.33157e-05
1688882400181,1.84398e-05
1688886000311,2.44326e-05
1688889600428,2.72594e-05
1688893200075,1.67838e-05
1688896800181,2.23632e-05
1688900400071,1.4881e-05
1688904000009,1.81888e-05
1688907600050,2.44605e-05
1688911200004,2.61674e-05
1688914800035,5.22282e-05
1688918400002,4.74946e-05
1688922000143,3.34813e-05
1688925600102,2.08603e-05
1688929200072,2.45219e-05
1688932800026,2.3642e-05
1688936400109,2.10507e-05
1688940000067,2.50114e-05
1688943600060,2.9267e-05
1688947200201,1.86806e-05
1688950800738,5.48146e-05
1688954400176,4.19434e-05
1688958000024,3.56891e-05
1688961600141,2.82926e-05
1688965200145,2.95802e-05
1688968800272,3.05865e-05
1688972400121,2.71976e-05
1688976000115,2.2781e-05
1688979600159,3.36657e-05
1688983200337,3.15466e-05
1688986800149,3.02492e-05
1688990400080,2.45043e-05
1688994000104,2.35315e-05
1688997600166,3.06705e-05
1689001200123,4.88228e-05
1689004800086,3.95979e-05
1689008400122,3.3955e-05
1689012000019,3.37804e-05
1689015600018,4.26062e-05
1689019200363,6.29461e-05
1689022800116,9.39956e-05
1689026400091,8.25694e-05
1689030000162,6.39209e-05
1689033600165,2.08323e-05
1689037200251,2.88606e-05
1689040800224,2.94112e-05
1689044400153,3.07854e-05
1689048000177,2.82928e-05
1689051600158,2.21767e-05
1689055200085,1.82397e-05
1689058800170,3.76033e-05
1689062400468,4.30796e-05
1689066000029,2.64758e-05
1689069600042,2.43311e-05
1689073200154,2.30526e-05
1689076800145,2.4215e-05
1689080400081,3.17728e-05
1689084000036,3.78938e-05
1689087600058,3.55964e-05
1689091200049,5.28565e-05
1689094800198,4.06837e-05
1689098400052,3.65314e-05
1689102000192,1.9952e-05
1689105600053,2.09489e-05
1689109200008,2.5054e-05
1689112800008,2.48399e-05
1689116400012,3.96192e-05
1689120000140,3.44862e-05
1689123600416,3.83411e-05
1689127200058,2.30914e-05
1689130800196,3.95712e-05
1689134400126,3.48338e-05
1689138000446,3.1773e-05
1689141600069,2.02812e-05
1689145200005,3.76393e-05
1689148800133,4.62113e-05
1689152401669,2.04474e-05
1689156000111,-1.40404e-05
1689159600177,1.23149e-05
1689163200150,2.18458e-05
1689166800108,5.61262e-05
1689170400100,7.78302e-05
1689174000183,3.40361e-05
1689177600001,3.20585e-05
1689181200159,4.34053e-05
1689184805457,4.17253e-05
1689188400191,2.66105e-05
1689192000005,5.21527e-05
1689195600361,3.276e-05
1689199200094,2.66376e-05
1689202800044,2.40854e-05
1689206400346,2.6972e-05
1689210000143,2.73785e-05
1689213600202,3.99173e-05
1689217200090,3.46817e-05
1689220800139,3.08024e-05
1689224400140,3.73697e-05
1689228000016,3.69968e-05
1689231600161,3.74325e-05
1689235200141,2.25968e-05
1689238800177,3.29473e-05
1689242400159,4.31831e-05
1689246000110,2.92387e-05
1689249600139,2.26363e-05
1689253200224,3.96652e-05
1689256800000,3.58334e-05
1689260400181,3.16844e-05
1689264000010,7.15954e-05
1689267600001,7.15545e-05
1689271200063,4.99483e-05
1689274800168,8.91191e-05
1689278400055,0.000105026
1689282000092,8.90582e-05
1689285600368,7.70783e-05
1689289200057,2.61665e-05
1689292800186,2.31104e-05
1689296400015,5.09104e-05
1689300000242,5.49825e-05
1689303600217,3.47687e-05
1689307200181,6.05933e-05
1689310800140,3.39874e-05
1689314400063,4.26026e-05
1689318000080,5.13359e-05
1689321600328,6.92313e-05
1689325200097,5.8328e-05
1689328800198,7.17988e-05
1689332400012,7.18703e-05
1689336000140,6.68003e-05
1689339600034,6.17011e-05
1689343200336,8.13557e-05
1689346800018,4.05641e-05
1689350400034,4.58901e-05
1689354000232,5.39417e-05
1689357600150,5.00397e-05
1689361200108,5.14664e-05
1689364800050,3.6972e-05
1689368400299,2.26198e-05
1689372000030,1.90167e-05
1689375600127,2.0263e-05
1689379200387,2.18726e-05
1689382800001,3.71628e-05
1689386400064,3.52297e-05
1689390000194,1.25e-05
1689393600038,1.25e-05
1689397200018,1.25e-05
1689400800178,1.25e-05
1689404400358,1.25e-05
1689408000176,1.25e-05
1689411600004,1.25e-05
1689415200021,1.25e-05
1689418800450,1.25e-05
1689422400094,1.25e-05
1689426000044,1.25e-05
1689429600051,1.25e-05
1689433200006,1.25e-05
1689436800542,1.25e-05
1689440400105,1.25e-05
1689444000016,1.25e-05
1689447600166,1.25e-05
1689451200180,1.25e-05
1689454800273,1.25e-05
1689458400345,1.25e-05
1689462000128,1.25e-05
1689465600024,1.25e-05
1689469200058,1.62259e-05
1689472800149,1.25e-05
1689476400186,1.25e-05
1689480000109,1.25e-05
1689483600098,1.25e-05
1689487200030,1.25e-05
1689490800164,1.25e-05
1689494400227,1.25e-05
1689498000180,1.25e-05
1689501600047,1.25e-05
1689505200034,1.25e-05
1689508800153,1.25e-05
1689512400055,1.25e-05
1689516000079,1.25e-05
1689519600066,1.25e-05
1689523200182,1.25e-05
1689526800144,1.25e-05
1689530400081,1.25e-05
1689534000085,1.25e-05
1689537600140,1.25e-05
1689541200043,1.25e-05
1689544800096,1.25e-05
1689548400076,1.25e-05
1689552000149,1.25e-05
1689555600091,1.25e-05
1689559200004,1.25e-05
1689562800204,1.25e-05
1689566400025,1.25e-05
1689570000165,1.25e-05
1689573600102,1.25e-05
1689577200145,1.25e-05
1689580800134,1.25e-05
1689584400003,1.25e-05
1689588000045,1.25e-05
1689591600009,1.25e-05
1689595200129,1.25e-05
1689598800118,1.25e-05
1689602400198,1.25e-05
1689606000065,1.25e-05
1689609600011,1.25e-05
1689613200072,1.25e-05
1689616800170,1.25e-05
1689620401356,1.25e-05
1689624000302,1.25e-05
1689627600065,1.25e-05
1689631200197,1.25e-05
1689634800021,1.25e-05
1689638400105,1.25e-05
1689642000049,1.25e-05
1689645600022,1.25e-05
1689649200173,1.25e-05
1689652800041,1.25e-05
1689656400192,1.25e-05
1689660000063,1.25e-05
1689663600183,1.25e-05
1689667200171,1.25e-05
1689670800008,1.25e-05
1689674400206,1.25e-05
1689678000050,1.25e-05
1689681600176,1.25e-05
1689685200009,1.25e-05
1689688800122,1.25e-05
1689692400001,1.25e-05
1689696000139,1.25e-05
1689699600082,1.25e-05
1689703200178,1.25e-05
1689706800062,1.25e-05
1689710400101,1.25e-05
1689714000198,1.25e-05
1689717600104,1.25e-05
1689721200036,1.25e-05
1689724800135,1.25e-05
1689728400150,1.25e-05
1689732000140,1.21829e-05
1689735600003,1.25e-05
1689739200123,2.5079e-06
1689742800013,-5.8051e-06
1689746400129,3.5952e-06
1689750000202,7.719e-07
1689753600008,2.3229e-06
1689757200176,7.8945e-06
1689760800087,7.2833e-06
1689764400165,7.7504e-06
1689768000371,1.10759e-05
1689771600087,6.4711e-06
1689775200035,5.7211e-06
1689778800112,6.6239e-06
1689782400008,9.8735e-06
1689786000159,9.4791e-06
1689789600127,7.5672e-06
1689793200132,1.25e-05
1689796800123,-9.177e-07
1689800400086,4.5554e-06
1689804000114,3.2396e-06
1689807600184,-1.0859e-06
1689811200088,-3.1347e-06
1689814800154,4.691e-07
1689818400227,5.806e-07
1689822000079,8.0737e-06
1689825600055,9.9664e-06
1689829200104,1.09154e-05
1689832800046,1.25e-05
1689836400117,1.25e-05
1689840000035,8.4963e-06
1689843600154,8.5088e-06
1689847200156,6.0247e-06
1689850800030,7.5053e-06
1689854400122,1.25e-05
1689858000112,1.08084e-05
1689861600071,7.185e-06
1689865200110,-2.0348e-06
1689868800131,6.6353e-06
1689872400145,7.2422e-06
1689876000106,1.10906e-05
1689879600362,1.17351e-05
1689883200408,1.23015e-05
1689886800291,1.13201e-05
1689890400196,7.474e-06
1689894000110,8.7968e-06
1689897600039,-2.0775e-06
1689901200057,4.2223e-06
1689904800040,1.16741e-05
1689908400443,1.15058e-05
1689912000123,4.9189e-06
1689915600008,7.7658e-06
1689919200134,9.9472e-06
1689922800068,3.2856e-06
1689926400153,8.0964e-06
1689930000230,1.25e-05
1689933600166,1.25e-05
1689937200110,1.25e-05
1689940800121,1.10705e-05
1689944400042,5.4454e-06
1689948000070,4.8267e-06
1689951600120,1.25e-05
1689955200020,6.4143e-06
1689958800048,4.4756e-06
1689962400039,-1.9533e-06
1689966000150,9.423e-06
1689969600010,1.25e-05
1689973200181,1.25e-05
1689976800132,5.477e-07
1689980400159,3.61e-07
1689984000073,7.4967e-06
1689987600036,1.00558e-05
1689991200009,1.7536e-06
1689994800096,7.5152e-06
1689998400042,2.184e-07
1690002000164,4.0142e-06
1690005600222,-5.5915e-06
1690009200082,-2.987e-06
1690012800129,1.02958e-05
1690016400124,1.25e-05
1690020000159,1.25e-05
1690023600198,1.25e-05
1690027200124,6.171e-06
1690030800137,-3.0694e-06
1690034400029,-2.47e-06
1690038000137,-5.628e-07
1690041600136,-5.6975e-06
1690045200157,-3.2174e-06
1690048800060,3.386e-06
1690052400250,3.3657e-06
1690056000184,-2.9445e-06
1690059600197,1.10038e-05
1690063200274,3.7593e-06
1690066800165,2.249e-06
1690070400139,9.6989e-06
1690074000189,1.25e-05
1690077600182,1.25e-05
1690081200086,1.25e-05
1690084800103,1.21646e-05
1690088400007,-7.7415e-06
1690092000112,-2.33939e-05
1690095600136,-3.08489e-05
1690099200104,-3.60749e-05
1690102800282,-3.51791e-05
1690106400209,-3.25349e-05
1690110000046,-3.03916e-05
1690113600109,-2.87876e-05
1690117200243,-2.69965e-05
1690120800095,-2.5514e-06
1690124400048,1.5252e-06
1690128000056,-4.4639e-06
1690131600011,6.7862e-06
1690135200054,1.25e-05
1690138800411,1.25e-05
1690142400382,1.25e-05
1690146000080,1.25e-05
1690149600003,1.9174e-06
1690153200096,1.0274e-06
1690156800341,2.8789e-06
1690160400115,5.4974e-06
1690164000044,-7.452e-07
1690167600033,-1.17803e-05
1690171200056,-9.8091e-06
1690174800044,-6.2796e-06
1690178400165,-4.1907e-06
1690182000074,-2.7884e-06
1690185600087,6.0685e-06
1690189200141,3.2562e-06
1690192800026,8.94e-08
1690196400195,1.20826e-05
1690200000085,9.2437e-06
1690203600141,-2.6743e-06
1690207200105,-1.07712e-05
1690210800066,-2.3449e-06
1690214400101,1.22176e-05
1690218000147,1.25e-05
1690221600076,6.6801e-06
1690225200020,7.5434e-06
1690228800141,-2.3003e-06
1690232400290,-1.2628e-06
1690236000109,-5.2688e-06
1690239600113,-5.6526e-06
1690243200159,-1.1027e-06
1690246800197,-1.5754e-06
1690250400054,-3.079e-06
1690254000143,-4.0884e-06
1690257600035,-1.21034e-05
1690261200117,-2.8523e-06
1690264800066,-1.24509e-05
1690268400125,-5.5923e-06
1690272000124,-3.6443e-06
1690275600040,1.6611e-06
1690279200123,-3.5128e-06
1690282800069,-5.5914e-06
1690286400025,-1.8196e-06
1690290000039,-1.7268e-06
1690293600187,7.8084e-06
1690297200054,-3.7532e-06
1690300800140,-4.206e-06
1690304400014,-6.5727e-06
1690308000096,-1.6095e-06
1690311600103,-1.5949e-06
1690315200029,1.4101e-06
1690318800112,1.9058e-06
1690322400099,8.705e-07
1690326000105,5.116e-07
1690329600074,-1.4536e-06
1690333200051,1.6491e-06
1690336800039,3.0653e-06
1690340400012,1.5937e-06
1690344000142,3.7533e-06
1690347600014,-6.327e-07
1690351200019,6.7229e-06
1690354800059,2.0222e-06
1690358400052,-3.1354e-06
1690362000128,-5.9384e-06
1690365600017,-6.6746e-06
1690369200076,-4.5496e-06
1690372800104,-5.3586e-06
1690376400035,-2.4266e-06
1690380000006,-3.2633e-06
1690383600049,-1.41717e-05
1690387200127,-1.08923e-05
1690390800123,-1.17728e-05
1690394400100,-1.30543e-05
1690398000209,-1.12544e-05
1690401600167,-1.26897e-05
1690405200425,-1.09687e-05
1690408800192,-6.9196e-06
1690412400184,-2.6834e-06
1690416000544,-4.8325e-06
1690419600293,-3.7354e-06
1690423200409,7.61e-08
1690426800349,2.5996e-06
1690430400053,-4.0714e-06
1690434000026,-1.599e-06
1690437600141,7.7443e-06
1690441200182,4.0182e-06
1690444800064,-8.945e-07
1690448400184,-5.1225e-06
1690452000086,4.6945e-06
1690455600113,-2.2838e-06
1690459200247,7.229e-06
1690462800012,2.2133e-06
1690466400145,3.3346e-06
1690470000159,3.8326e-06
1690473600181,8.5053e-06
1690477200059,9.954e-07
1690480800069,-7.1763e-06
1690484400013,-2.8346e-06
1690488000177,-1.14132e-05
1690491600078,-1.59056e-05
1690495200166,-1.64624e-05
1690498800274,-9.4483e-06
1690502400223,3.218e-07
1690506000214,-2.6984e-06
1690509600182,-9.3203e-06
1690513200168,-4.2395e-06
1690516800140,-2.859e-06
1690520400172,8.566e-07
1690524000334,-3.7341e-06
1690527600011,7.544e-07
1690531200119,5.3122e-06
1690534800182,4.2585e-06
1690538400199,5.7166e-06
1690542000535,7.8485e-06
1690545600125,1.25e-05
1690549200023,6.8807e-06
1690552800053,1.9764e-06
1690556400129,9.3722e-06
1690560000039,5.8304e-06
1690563600025,-1.2678e-06
1690567200069,8.503e-07
1690570800125,-4.6341e-06
1690574400326,2.585e-06
1690578000192,-4.113e-06
1690581600061,1.8587e-06
1690585200206,-1.4652e-06
1690588800200,7.3061e-06
1690592400121,3.4152e-06
1690596000126,5.018e-07
1690599600037,-7.7878e-06
1690603200146,-5.7912e-06
1690606800130,-8.5731e-06
1690610400066,-4.1108e-06
1690614000082,6.104e-07
1690617600008,1.5079e-06
1690621200042,5.539e-07
1690624800122,4.71e-08
1690628400199,-2.2299e-06
1690632000206,-1.0819e-06
1690635600249,-9.8934e-06
1690639200103,5.7804e-06
1690642800149,2.6884e-06
1690646400091,2.3247e-06
1690650000034,1.975e-06
1690653600084,-1.5699e-06
1690657200123,-6.054e-06
1690660800192,3.4047e-06
1690664400028,2.494e-07
1690668000347,6.18e-08
1690671600142,5.8664e-06
1690675200102,1.4691e-06
1690678800201,-8.18e-07
1690682400112,2.3008e-06
1690686000147,-5.373e-07
1690689600228,1.3581e-06
1690693200146,-2.3107e-06
1690696800520,-6.6938e-06
1690700400056,-7.2792e-06
1690704000404,-3.392e-06
1690707600066,4.3299e-06
1690711200120,-3.0657e-06
1690714800036,-3.1167e-06
1690718400173,8.3613e-06
1690722000128,-4.9652e-06
1690725600301,-1.21114e-05
1690729200001,-4.583e-07
1690732800169,-6.4241e-06
1690736400188,4.2887e-06
1690740000006,-2.8929e-06
1690743600133,-1.35004e-05
1690747200097,-1.42793e-05
1690750800046,-1.13954e-05
1690754400044,-5.0317e-06
1690758000193,-4.3407e-06
1690761600015,-3.7195e-06
1690765200048,1.2972e-06
1690768800122,-2.398e-07
1690772400332,-3.4484e-06
1690776000074,-2.7688e-06
1690779600127,-7.4742e-06
1690783200070,-6.7833e-06
1690786800036,1.504e-07
1690790400100,8.104e-07
1690794000133,4.5004e-06
1690797600031,1.3661e-06
1690801200116,-8.219e-07
1690804800155,-1.8947e-06
1690808400272,-3.5387e-06
1690812000141,-8.0391e-06
1690815600053,-2.7999e-06
1690819200020,3.8811e-06
1690822800021,-6.4898e-06
1690826400065,-7.1141e-06
1690830000188,-1.05416e-05
1690833600123,-2.702e-06
1690837200159,-1.42e-08
1690840800006,-2.1931e-06
1690844400044,5.5618e-06
1690848000206,-1.7677e-06
1690851600028,7.8043e-06
1690855200027,-7.024e-06
1690858800203,-6.4197e-06
1690862400177,-1.188e-06
1690866000147,8.6097e-06
1690869600016,7.0567e-06
1690873200130,-7.2256e-06
1690876800178,-9.0689e-06
1690880400001,-3.0237e-06
1690884000133,-4.852e-06
1690887600067,-5.7897e-06
1690891200110,-9.3278e-06
1690894800115,-2.0281e-06
1690898400057,4.7674e-06
1690902000200,-1.0957e-06
1690905600067,2.2567e-06
1690909200425,-2.0328e-06
1690912800001,-1.58e-07
1690916400099,-9.701e-07
1690920000066,1.1886e-05
1690923600073,1.25e-05
1690927200015,1.25e-05
1690930800066,1.24207e-05
1690934400092,1.25e-05
1690938000092,1.25e-05
1690941600204,1.24734e-05
1690945200207,1.25e-05
1690948800173,6.6381e-06
1690952400002,-5.4363e-06
1690956000010,-4.7071e-06
1690959600074,1.02176e-05
1690963200060,1.25e-05
1690966800155,7.6962e-06
1690970400219,3.1187e-06
1690974000104,1.20755e-05
1690977600131,3.6643e-06
1690981200624,8.244e-07
1690984800088,1.25e-05
1690988400190,5.0518e-06
1690992000032,4.1111e-06
1690995600253,6.3588e-06
1690999200146,7.6065e-06
1691002800072,1.04658e-05
1691006400067,6.4435e-06
1691010000091,1.25e-05
1691013600052,1.19687e-05
1691017200087,5.8628e-06
1691020800162,6.169e-07
1691024400062,4.5328e-06
1691028000202,8.4751e-06
1691031600165,-5.5189e-06
1691035200187,1.7201e-06
1691038800163,1.5366e-06
1691042400127,2.1442e-06
1691046000178,-2.353e-07
1691049600066,7.9066e-06
1691053200204,1.25e-05
1691056800002,1.07125e-05
1691060400224,1.03141e-05
1691064000016,2.9581e-06
1691067600104,7.6664e-06
1691071200082,5.597e-07
1691074800138,-4.8256e-06
1691078400144,-6.6184e-06
1691082000384,-8.9669e-06
1691085600123,-8.003e-06
1691089200001,-4.0077e-06
1691092800265,-4.9547e-06
1691096400203,-8.5439e-06
1691100000122,-1.9194e-06
1691103600088,1.8716e-06
1691107200193,-8.5858e-06
1691110800009,-9.142e-07
1691114400337,-2.1306e-06
1691118000411,-5.5165e-06
1691121600548,-5.7646e-06
1691125200172,3.5358e-06
1691128800242,6.751e-07
1691132400210,-8.8281e-06
1691136000078,-4.4103e-06
1691139600181,-8.3836e-06
1691143200094,2.063e-07
1691146800024,1.4762e-06
1691150400068,1.4213e-06
1691154000173,4.4329e-06
1691157600067,-7.931e-06
1691161200109,-6.7142e-06
1691164800065,-2.0409e-05
1691168400047,-1.94656e-05
1691172000060,-2.10723e-05
1691175600128,-1.67059e-05
1691179200205,-1.53203e-05
1691182800219,-1.94715e-05
1691186400020,-8.4711e-06
1691190000046,-1.93516e-05
1691193600202,-1.69727e-05
1691197200050,-1.56926e-05
1691200800168,-1.47471e-05
1691204400357,-8.4443e-06
1691208000156,-1.3396e-05
1691211600000,-1.6227e-05
1691215200179,-6.1354e-06
1691218800195,-9.5156e-06
1691222401168,-1.18274e-05
1691226000198,4.794e-07
1691229600125,-9.1161e-06
1691233200054,7.2468e-06
1691236800014,-4.9373e-06
1691240400027,-9.3018e-06
1691244000141,-9.2046e-06
1691247600431,-6.1253e-06
1691251200099,-1.16796e-05
1691254800065,-7.9838e-06
1691258400093,4.59e-07
1691262000151,-9.9866e-06
1691265600102,-1.26417e-05
1691269200030,-1.03152e-05
1691272800136,-5.0476e-06
1691276400209,-8.8995e-06
1691280000052,-1.69462e-05
1691283600725,-1.60937e-05
1691287200025,-1.1698e-05
1691290800172,-3.2133e-06
1691294400177,-8.7126e-06
1691298000256,-1.07181e-05
1691301600021,-1.09569e-05
1691305200060,-2.43798e-05
1691308800283,-1.3791e-05
1691312400063,-1.81023e-05
1691316000094,-9.6092e-06
1691319600089,-7.0865e-06
1691323200008,6.0182e-06
1691326800121,-7.1274e-06
1691330400097,-3.7533e-06
1691334000033,-9.3436e-06
1691337600190,-2.4069e-06
1691341200002,6.4481e-06
1691344800041,3.389e-07
1691348400123,-1.65176e-05
1691352000233,-1.85335e-05
1691355600122,-1.24177e-05
1691359200105,2.5738e-06
1691362800071,-1.8045e-06
1691366400185,-6.1131e-06
1691370000093,-6.1672e-06
1691373600490,-5.0568e-06
1691377200037,-1.59597e-05
1691380800115,-1.62953e-05
1691384400089,-8.5296e-06
1691388000116,-9.8851e-06
1691391600166,-1.0485e-05
1691395200241,-8.4044e-06
1691398800060,-1.05407e-05
1691402400023,3.2601e-06
1691406000155,1.25e-05
1691409600150,7.8119e-06
1691413200187,-1.0756e-06
1691416800075,6.337e-07
1691420400116,1.03973e-05
1691424000007,1.25e-05
1691427600390,1.25e-05
1691431200041,-8.188e-07
1691434800068,7.219e-07
1691438400052,-4.2729e-06
1691442000138,-4.8493e-06
1691445600332,7.2806e-06
1691449200088,2.017e-06
1691452800133,7.7045e-06
1691456400198,-5.8835e-06
1691460000162,-4.613e-06
1691463600175,-5.8014e-06
1691467200361,-1.07347e-05
1691470800017,-2.5764e-06
1691474400062,-5.7431e-06
1691478000222,-9.7497e-06
1691481600041,-3.1466e-06
1691485200095,-2.9233e-06
1691488800104,2.2921e-06
1691492400011,5.1038e-06
1691496000047,3.8271e-06
1691499600058,-6.514e-06
1691503200036,-7.9829e-06
1691506800070,-1.40016e-05
1691510400083,-1.49984e-05
1691514000049,-7.8223e-06
1691517600127,-1.06462e-05
1691521200165,-2.20294e-05
1691524800028,-1.68077e-05
1691528400140,-1.49926e-05
1691532000215,1.9058e-06
1691535600162,7.3996e-06
1691539200183,-3.813e-07
1691542800085,-1.35711e-05
1691546400130,-1.10274e-05
1691550000022,-1.18255e-05
1691553600057,2.178e-06
1691557200056,3.8384e-06
1691560800152,-4.8224e-06
1691564400182,-7.5728e-06
1691568000110,-8.0462e-06
1691571600059,-9.0816e-06
1691575200142,-1.59138e-05
1691578800166,-1.40083e-05
1691582400004,-1.44728e-05
1691586000067,-3.1352e-06
1691589600203,-1.62012e-05
1691593200055,-9.3073e-06
1691596800138,1.2294e-06
1691600400051,-8.6742e-06
1691604000080,-1.05468e-05
1691607600153,-9.092e-06
1691611200052,-1.44729e-05
1691614800164,-1.4098e-06
1691618400177,-5.9231e-06
1691622000071,-9.7266e-06
1691625600112,-1.45659e-05
1691629200040,-1.63942e-05
1691632800109,-1.29109e-05
1691636400133,-1.70858e-05
1691640000007,-1.42606e-05
1691643600038,-9.4602e-06
1691647200061,2.0429e-06
1691650800093,-3.979e-06
1691654400145,-3.3033e-06
1691658000141,-3.1766e-06
1691661600173,2.6642e-06
1691665200094,-9.909e-07
1691668800082,-2.1873e-06
1691672400096,-9.4359e-06
1691676000185,-8.8661e-06
1691679600390,-1.31872e-05
1691683200106,-1.85963e-05
1691686800096,-1.00502e-05
1691690400213,-4.9647e-06
1691694000085,-2.5262e-06
1691697600071,5.0334e-06
1691701200072,5.1827e-06
1691704800098,8.3469e-06
1691708400070,-7.0371e-06
1691712000143,-1.33626e-05
1691715600151,-7.918e-07
1691719200080,-5.6828e-06
1691722800022,-3.4019e-06
1691726400178,7.544e-06
1691730000053,-1.6663e-06
1691733600153,7.2757e-06
1691737200084,-4.2279e-06
1691740800039,5.55e-08
1691744400019,3.5124e-06
1691748000005,1.7257e-06
1691751600044,-1.1606e-06
1691755200106,-4.0896e-06
1691758800039,-1.18133e-05
1691762400009,-9.1588e-06
1691766000009,-1.58807e-05
1691769600010,-5.853e-06
1691773200037,-8.2237e-06
1691776800130,-6.887e-07
1691780400039,-2.1166e-06
1691784000273,-2.7407e-06
1691787600042,-4.216e-06
1691791200187,9.382e-07
1691794800106,-2.454e-07
1691798400193,-5.5623e-06
1691802000320,-6.1e-06
1691805600234,-1.25959e-05
1691809200424,1.4055e-06
1691812800175,-6.7983e-06
1691816400014,4.847e-07
1691820000303,-5.6018e-06
1691823600126,3.0983e-06
1691827200125,9.0298e-06
1691830800095,-3.0913e-06
1691834400028,-4.0524e-06
1691838000171,3.4096e-06
1691841600025,-4.6067e-06
1691845200049,-6.8884e-06
1691848800178,-2.6968e-06
1691852400090,-8.569e-07
1691856000108,-9.8003e-06
1691859600122,-9.4225e-06
1691863200098,-1.04284e-05
1691866800188,1.5543e-06
1691870400034,-1.1519e-06
1691874000185,5.5157e-06
1691877600127,4.5261e-06
1691881200092,-5.046e-07
1691884800083,-2.978e-07
1691888400175,3.0111e-06
1691892000015,5.675e-07
1691895600045,4.7726e-06
1691899200088,-1.58316e-05
1691902800171,-1.84299e-05
1691906400002,-1.51841e-05
1691910000027,-8.1972e-06
1691913600071,-1.17045e-05
1691917200130,-6.2268e-06
1691920800156,1.6669e-06
1691924400123,-3.1702e-06
1691928000196,-3.2487e-06
1691931600005,-3.847e-07
1691935200131,-2.197e-07
1691938800012,4.108e-06
1691942400112,2.2865e-06
1691946000021,-9.911e-07
1691949600184,3.9582e-06
1691953200087,2.6673e-06
1691956800111,-5.1867e-06
1691960400076,-2.2603e-06
1691964000011,-9.426e-07
1691967600150,-1.6147e-06
1691971200117,7.02e-06
1691974800029,1.16748e-05
1691978400086,1.23122e-05
1691982000075,-4.8706e-06
1691985600040,1.7482e-06
1691989200033,-3.3033e-06
1691992800136,2.5078e-06
1691996400023,4.3e-07
1692000000046,-4.8173e-06
1692003600131,-3.6715e-06
1692007200013,-1.06117e-05
1692010800206,-6.4539e-06
1692014400120,-8.7216e-06
1692018000102,-3.9114e-06
1692021600126,8.1197e-06
1692025200007,2.4432e-06
1692028800072,5.4124e-06
1692032400016,-2.7608e-06
1692036000080,2.8082e-06
1692039600009,-6.6297e-06
1692043200012,4.5609e-06
1692046800192,1.7788e-06
1692050400150,-7.2653e-06
1692054000042,-8.8233e-06
1692057600074,-3.6424e-06
1692061200609,-7.4449e-06
1692064800104,-9.2836e-06
1692068400164,-1.27044e-05
1692072000000,-1.37086e-05
1692075600167,-3.6737e-06
1692079200005,2.3642e-06
1692082800164,-1.6202e-06
1692086400142,1.0028e-06
1692090000133,2.602e-06
1692093600197,7.916e-06
1692097200011,5.9309e-06
1692100800144,1.00346e-05
1692104400148,3.2257e-06
1692108000709,-1.4487e-06
1692111600000,-7.5308e-06
1692115200165,-1.93118e-05
1692118800191,-1.24717e-05
1692122400258,-3.6164e-06
1692126000173,3.215e-07
1692129600094,9.007e-07
1692133200106,8.3605e-06
1692136800132,-3.0864e-06
1692140400169,-1.01353e-05
1692144000378,-1.1188e-05
1692147600369,-3.0549e-06
1692151200025,-1.8676e-06
1692154800000,6.3166e-06
1692158400203,4.1895e-06
1692162000378,1.6099e-06
1692165600107,4.1809e-06
1692169200160,8.918e-07
1692172800071,-3.9362e-06
1692176400015,4.1044e-06
1692180000011,9.8053e-06
1692183600043,1.25e-05
1692187200149,5.6821e-06
1692190800083,1.03752e-05
1692194400194,1.25e-05
1692198000125,1.25e-05
1692201600242,1.18602e-05
1692205200173,1.25e-05
1692208800147,1.25e-05
1692212400096,1.15214e-05
1692216000091,3.9106e-06
1692219600111,1.3461e-06
1692223200381,-5.3597e-06
1692226800029,-1.20004e-05
1692230400081,-2.01985e-05
1692234000073,1.25e-05
1692237600131,1.25e-05
1692241200179,1.25e-05
1692244800037,1.25e-05
1692248400068,1.25e-05
1692252000374,1.25e-05
1692255600199,1.25e-05
1692259200112,1.25e-05
1692262800096,1.25e-05
1692266400210,1.25e-05
1692270000017,1.25e-05
1692273600182,1.25e-05
1692277200172,1.25e-05
1692280800030,1.25e-05
1692284400059,1.25e-05
1692288000115,1.25e-05
1692291600324,9.0088e-06
1692295200109,-2.64e-05
1692298800117,-1.58141e-05
1692302400243,-1.43942e-05
1692306000049,-2.06119e-05
1692309600458,-7.4287e-05
1692313200112,-4.36702e-05
1692316800380,-4.5863e-05
1692320400097,-4.3105e-05
1692324000021,-3.57044e-05
1692327600139,-4.2326e-05
1692331200145,-3.99497e-05
1692334800074,-4.56931e-05
1692338400139,-4.38227e-05
1692342000091,-5.24246e-05
1692345600235,-5.02272e-05
1692349200137,-4.7212e-05
1692352800180,-4.86074e-05
1692356400086,-4.18999e-05
1692360000131,-4.81918e-05
1692363600160,-4.288e-05
1692367200016,-3.66523e-05
1692370800211,-3.64201e-05
1692374400049,-4.49801e-05
1692378000144,-3.66279e-05
1692381600027,-4.05256e-05
1692385200016,-4.88628e-05
1692388800021,-4.49519e-05
1692392400192,-2.97482e-05
1692396000086,-2.65566e-05
1692399600055,-2.8591e-05
1692403200007,-2.34643e-05
1692406800171,-1.86952e-05
1692410400102,-3.31451e-05
1692414000121,-2.87207e-05
1692417600016,-1.97466e-05
1692421200276,-1.80958e-05
1692424800079,-2.0601e-05
1692428400073,-1.9539e-05
1692432000175,-2.27469e-05
1692435600089,-2.26152e-05
1692439200096,-2.23177e-05
1692442800061,-2.6248e-05
1692446400199,-2.62187e-05
1692450000122,-2.45175e-05
1692453600166,-2.88249e-05
1692457200037,-3.20141e-05
1692460800159,-2.87619e-05
1692464400107,-3.3116e-05
1692468000174,-4.17534e-05
1692471600097,-4.02389e-05
1692475200036,-3.40818e-05
1692478800160,-3.14436e-05
1692482400028,-3.12515e-05
1692486000038,-3.47048e-05
1692489600103,-2.56835e-05
1692493200085,-2.86815e-05
1692496800126,-3.20097e-05
1692500400001,-3.21108e-05
1692504000374,-2.48203e-05
1692507600051,-3.44117e-05
1692511200137,-3.0605e-05
1692514800113,-2.56226e-05
1692518400413,-3.19183e-05
1692522000132,-3.07056e-05
1692525600147,-2.7657e-05
1692529200104,-2.21226e-05
1692532800179,-2.39631e-05
1692536400123,-2.03976e-05
1692540000133,-2.05079e-05
1692543600154,-1.77141e-05
1692547200028,-2.17601e-05
1692550800146,-2.2459e-05
1692554400089,-2.73657e-05
1692558000320,-2.69619e-05
1692561600169,-2.55574e-05
1692565200288,-2.14071e-05
1692568800172,-2.65057e-05
1692572400032,-2.74483e-05
1692576000128,-2.21464e-05
1692579600089,-2.25081e-05
1692583200149,-2.7711e-05
1692586800089,-1.98195e-05
1692590400091,-2.43235e-05
1692594000173,-2.00464e-05
1692597600022,-1.878e-05
1692601200256,-1.15009e-05
1692604800114,-1.18313e-05
1692608400000,-1.3481e-05
1692612000025,-4.3413e-06
1692615600150,-1.10353e-05
1692619200012,-1.25168e-05
1692622800161,-2.21673e-05
1692626400462,-2.48842e-05
1692630000036,-2.34141e-05
1692633600132,-2.03003e-05
1692637200520,2.3848e-06
1692640800185,6.6786e-06
1692644400318,-7.319e-07
1692648000139,-1.68619e-05
1692651600054,-1.94339e-05
1692655200005,-1.55805e-05
1692658800130,-1.3524e-05
1692662400239,-1.81065e-05
1692666000041,-1.64213e-05
1692669600093,-1.88001e-05
1692673200162,-1.15525e-05
1692676800103,-2.31897e-05
1692680400186,-2.23441e-05
1692684000208,-1.90869e-05
1692687600128,-1.86901e-05
1692691200018,-9.2139e-06
1692694800112,-1.93133e-05
1692698400116,-1.3679e-05
1692702000194,-1.14742e-05
1692705600436,-8.0125e-06
1692709200006,-1.22808e-05
1692712800182,-6.0231e-06
1692716400005,-1.0177e-05
1692720000085,-4.6551e-06
1692723600237,-3.8884e-06
1692727200051,1.7531e-06
1692730800342,4.8689e-06
1692734400093,-1.1278e-06
1692738000144,-3.1815e-06
1692741600170,-8.4467e-06
1692745200071,-7.2836e-06
1692748800011,-1.21804e-05
1692752400079,-2.34675e-05
1692756000080,-1.73455e-05
1692759600078,-2.23633e-05
1692763200144,-2.4612e-05
1692766800156,-1.68786e-05
1692770400050,-1.75255e-05
1692774000252,-2.07312e-05
1692777600092,-2.04762e-05
1692781200153,-1.98105e-05
1692784800082,-8.5662e-06
1692788400439,-1.16417e-05
1692792000081,-9.4796e-06
1692795600088,-9.1041e-06
1692799200072,-6.5067e-06
1692802800222,-1.77549e-05
1692806400381,-1.53364e-05
1692810000146,-1.82847e-05
1692813600190,-2.72586e-05
1692817200029,-2.41672e-05
1692824400190,1.25e-05
1692828000178,1.25e-05
1692831600205,1.25e-05
1692835200195,1.25e-05
1692838800115,1.25e-05
1692842400090,1.25e-05
1692846000255,1.25e-05
1692849600392,1.25e-05
1692853200092,1.25e-05
1692856800002,1.25e-05
1692860400136,1.25e-05
1692864000128,1.25e-05
1692867600078,1.25e-05
1692871200005,1.25e-05
1692874800032,1.25e-05
1692878400147,1.25e-05
1692882000110,1.25e-05
1692885600333,1.25e-05
1692889200187,1.25e-05
1692892800102,1.25e-05
1692896400084,-5.5217e-06
1692900000122,-2.15628e-05
1692903600001,-2.53434e-05
1692907200307,-2.63799e-05
1692910800041,-3.51823e-05
1692914400121,-2.91018e-05
1692918000194,-3.09982e-05
1692921600191,-2.61982e-05
1692925200201,-2.27416e-05
1692928800091,-2.36848e-05
1692932400134,-2.53065e-05
1692936000048,-2.33876e-05
1692939600100,-2.06104e-05
1692943200180,-1.97762e-05
1692946800004,-2.24135e-05
1692950400037,-2.68493e-05
1692954000148,-2.48573e-05
1692957600383,-2.70074e-05
1692961200338,-1.77302e-05
1692964800060,-2.13581e-05
1692968400065,-2.60883e-05
1692972000144,-2.99603e-05
1692975600150,-2.24698e-05
1692979200158,-2.27736e-05
1692982800079,-1.78214e-05
1692986400088,-1.46549e-05
1692990000061,-1.5427e-05
1692993600125,-1.57293e-05
1692997200179,-1.7556e-05
1693000800066,-1.87807e-05
1693004400428,-1.86544e-05
1693008000016,-2.2658e-05
1693011600183,-1.58249e-05
1693015200205,-1.80871e-05
1693018800013,-1.59403e-05
1693022400448,-7.3648e-06
1693026000268,-1.36424e-05
1693029600283,-1.25685e-05
1693033200065,-1.57302e-05
1693036800067,-1.59531e-05
1693040400032,-1.58899e-05
1693044000046,-1.27347e-05
1693047600167,-1.14555e-05
1693051200057,-1.5119e-05
1693054800142,-2.00934e-05
1693058400018,-1.51878e-05
1693062000203,-1.51183e-05
1693065600129,-2.25034e-05
1693069200100,-2.50072e-05
1693072800032,-1.78555e-05
1693076400001,-1.95007e-05
1693080000042,-1.53365e-05
1693083600076,-2.2378e-05
1693087200165,-1.58361e-05
1693090800019,-1.96188e-05
1693094400087,-2.05033e-05
1693098000109,-1.69086e-05
1693101600063,-1.65489e-05
1693105200116,-2.0808e-05
1693108800042,-1.56535e-05
1693112400086,-1.54664e-05
1693116000057,-2.24848e-05
1693119600191,-1.22249e-05
1693123200252,-1.97937e-05
1693126800095,-1.59869e-05
1693130400234,-1.96236e-05
1693134000044,-1.84012e-05
1693137600131,-1.6281e-05
1693141200043,-1.24391e-05
1693144800048,-1.38537e-05
1693148400131,-1.80056e-05
1693152000189,-2.51273e-05
1693155600074,-1.59105e-05
1693159200127,-2.18887e-05
1693162800134,-1.16228e-05
1693166400063,-1.4787e-05
1693170000020,-1.34129e-05
1693173600031,-1.67736e-05
1693177200066,-2.22121e-05
1693180800002,-2.72696e-05
1693184400020,-2.74605e-05
1693188000122,-1.75242e-05
1693191600033,-9.9255e-06
1693195200022,-1.05425e-05
1693198800166,-1.63982e-05
1693202400196,-1.9608e-05
1693206000159,-1.74993e-05
1693209600154,-1.5603e-05
1693213200095,-1.83849e-05
1693216800103,-1.2457e-05
1693220400141,-1.21598e-05
1693224000060,-1.47385e-05
1693227600046,-1.49608e-05
1693231200159,-1.67836e-05
1693234800026,-1.78455e-05
1693238400035,-1.55766e-05
1693242000007,-1.68459e-05
1693245600052,-2.37233e-05
1693249200013,-2.67483e-05
1693252800124,-4.07615e-05
1693256400090,-3.63114e-05
1693260000401,-3.82871e-05
1693263600126,-3.37003e-05
1693267200096,-1.01316e-05
1693270800010,-1.06922e-05
1693274400130,-1.12788e-05
1693278000070,-1.14856e-05
1693281600137,-7.9274e-06
1693285200083,-1.87015e-05
1693288800091,-1.31166e-05
1693292400106,-7.7343e-06
1693296000241,-1.29727e-05
1693299600188,-1.93863e-05
1693303200120,-1.82386e-05
1693306800070,-2.15352e-05
1693310400083,-7.4181e-06
1693314000210,-1.24804e-05
1693317600423,-1.67769e-05
1693321200027,1.25e-05
1693324800104,-1.9093e-06
1693328400610,-3.1796e-06
1693332000024,-1.81408e-05
1693335600453,-1.76191e-05
1693339200374,-1.98014e-05
1693342800027,-2.2793e-05
1693346400046,-3.00276e-05
1693350000025,-3.20005e-05
1693353600124,-3.39957e-05
1693357200193,-3.6513e-05
1693360800006,-2.32335e-05
1693364400072,-2.60491e-05
1693368000141,-2.93742e-05
1693371600306,-1.78804e-05
1693375200187,-1.27311e-05
1693378800052,-6.4745e-06
1693382400054,3.1293e-06
1693386000297,-2.9648e-06
1693389600133,-1.08082e-05
1693393200020,-1.21618e-05
1693396800099,-9.747e-06
1693400400127,-9.7108e-06
1693404000048,-1.21657e-05
1693407600012,-1.65182e-05
1693411200096,-8.1513e-06
1693414800298,-5.1507e-06
1693418400113,-1.06691e-05
1693422000064,-9.9592e-06
1693425600084,-1.81567e-05
1693429200076,-1.18105e-05
1693432800065,-1.57183e-05
1693436400164,-1.43177e-05
1693440000101,-1.24372e-05
1693443600092,-7.6878e-06
1693447200065,-6.1234e-06
1693450800008,-6.8474e-06
1693454400091,-9.9141e-06
1693458000034,-5.2301e-06
1693461600004,5.2151e-06
1693465200245,-7.4721e-06
1693468800047,-1.25158e-05
1693472400086,-7.156e-06
1693476000066,-9.9041e-06
1693479600077,-2.2174e-06
1693483200150,-4.5357e-06
1693486800354,-8.199e-06
1693490400278,-5.3925e-06
1693494000146,-8.0413e-06
1693497600450,-1.12265e-05
1693501200413,-2.22015e-05
1693504800073,-1.63777e-05
1693508400103,-7.608e-07
1693512000443,-2.19379e-05
1693515600169,-1.97695e-05
1693519200058,-1.91625e-05
1693522800045,-1.60369e-05
1693526400114,-2.29207e-05
1693530000069,-1.78326e-05
1693533600003,-2.29647e-05
1693537200192,-1.36002e-05
1693540800044,-6.357e-06
1693544400002,-1.46985e-05
1693548000066,-1.19155e-05
1693551600007,-1.81667e-05
1693555200089,-2.46516e-05
1693558800082,-2.07156e-05
1693562400226,-2.16932e-05
1693566000185,-2.0775e-05
1693569600075,-1.39292e-05
1693573200033,-2.06997e-05
1693576800382,-1.70922e-05
1693580400096,-1.45656e-05
1693584000082,1.1972e-06
1693587600028,1.5988e-06
1693591200106,-1.87233e-05
1693594800114,-9.0921e-06
1693598400016,-1.89597e-05
1693602000107,-1.26989e-05
1693605600242,-1.61406e-05
1693609200168,-1.83201e-05
1693612800166,-1.73749e-05
1693616400016,-1.60306e-05
1693620000067,-2.27067e-05
1693623600033,-2.26394e-05
1693627200025,-1.26092e-05
1693630800200,-1.57294e-05
1693634400151,-2.22444e-05
1693638000180,-1.90372e-05
1693641600030,-2.4846e-05
1693645200118,-2.82667e-05
1693648800102,-2.4268e-05
1693652400083,-2.44657e-05
1693656000074,-2.9837e-05
1693659600153,-3.28388e-05
1693663200006,-2.76663e-05
1693666800150,-1.92102e-05
1693670400107,-1.319e-05
1693674000059,1.1676e-06
1693677600129,3.5704e-06
1693681200231,4.4832e-06
1693684800117,6.0046e-06
1693688400150,9.1337e-06
1693692000327,3.9694e-06
1693695600081,-4.203e-06
1693699200155,-3.2311e-06
1693702800063,2.2627e-06
1693706400187,-3.877e-06
1693710000036,-1.0009e-05
1693713600145,-1.39269e-05
1693717200168,-4.4574e-06
1693720800298,-5.4769e-06
1693724400108,-1.07355e-05
1693728000023,-4.8358e-06
1693731600171,-9.9988e-06
1693735200027,-1.15386e-05
1693738800169,-6.4469e-06
1693742400063,-2.3603e-06
1693746000061,-2.5281e-06
1693749600100,2.4956e-06
1693753200023,4.35e-07
1693756800023,-1.8911e-06
1693760400122,-5.8293e-06
1693764000190,-5.4645e-06
1693767600221,3.543e-06
1693771200082,4.5337e-06
1693774800117,6.0922e-06
1693778400143,1.5725e-06
1693782000127,-5.9071e-06
1693785600212,-4.182e-06
1693789200071,-9.09e-08
1693792800043,-2.8409e-06
1693796400087,-6.5389e-06
1693800000329,-5.4514e-06
1693803600225,-1.0797e-05
1693807200036,-1.05634e-05
1693810800126,-8.7155e-06
1693814400180,-6.5605e-06
1693818000099,-3.5647e-06
1693821600166,-8.4433e-06
1693825200055,-5.1792e-06
1693828800036,-1.15363e-05
1693832400153,-8.6602e-06
1693836000096,-9.3174e-06
1693839600387,-1.12427e-05
1693843200158,-9.9462e-06
1693846800019,-7.9766e-06
1693850400178,-5.122e-06
1693854000378,-1.10238e-05
1693857600118,-1.32202e-05
1693861200092,-7.6856e-06
1693864800086,-1.3084e-05
1693868400262,-1.2323e-05
1693872000079,-1.41433e-05
1693875600134,-8.9279e-06
1693879200082,-1.70437e-05
1693882800105,-9.3621e-06
1693886400093,-3.3369e-06
1693890000118,-9.5251e-06
1693893600265,-1.47333e-05
1693897200221,-9.2928e-06
1693900800047,-6.5363e-06
1693904400150,-9.9431e-06
1693908000065,-7.0392e-06
1693911600147,-8.2524e-06
1693915200061,-7.3475e-06
1693918800002,-3.7631e-06
1693922400204,1.8079e-06
1693926000082,-3.244e-07
1693929600066,1.16252e-05
1693933200044,1.17296e-05
1693936800145,7.3915e-06
1693940400411,1.17737e-05
1693944000162,6.5665e-06
1693947600058,6.5655e-06
1693951200054,9.9958e-06
1693954800228,8.9022e-06
1693958400119,6.4068e-06
1693962000007,5.7293e-06
1693965600021,1.0549e-05
1693969200101,1.25e-05
1693972800154,8.3361e-06
1693976400163,3.5481e-06
1693980000042,1.32e-07
1693983600147,2.1407e-06
1693987200083,2.6529e-06
1693990800088,1.25e-05
1693994400139,9.4921e-06
1693998000449,-3.4124e-06
1694001600190,-6.999e-07
1694005200144,2.1331e-06
1694008800013,-3.8259e-06
1694012400129,-8.463e-07
1694016000043,-1.1624e-06
1694019600070,3.0204e-06
1694023200162,1.153e-06
1694026800122,8.8726e-06
1694030400221,1.09595e-05
1694034000182,1.25e-05
1694037600404,7.4704e-06
1694041200102,-6.1289e-06
1694044800097,-3.9629e-06
1694048400015,-4.8139e-06
1694052000045,-1.1763e-06
1694055600082,-8.597e-06
1694059200185,-2.0401e-06
1694062800002,-5.2348e-06
1694066400149,-5.2999e-06
1694070000049,1.744e-07
1694073600018,1.25e-05
1694077200208,1.25e-05
1694080800155,1.25e-05
1694084400165,1.25e-05
1694088000106,1.25e-05
1694091600078,1.25e-05
1694095200070,1.25e-05
1694098800094,1.25e-05
1694102400217,1.25e-05
1694106000190,1.25e-05
1694109600236,1.25e-05
1694113200187,1.25e-05
1694116800171,1.25e-05
1694120400075,1.25e-05
1694124000137,1.25e-05
1694127600079,1.25e-05
1694131200180,1.25e-05
1694134800171,-3.3867e-06
1694138400274,1.25e-05
1694142000009,1.25e-05
1694145600106,1.25e-05
1694149200439,1.25e-05
1694152800118,1.25e-05
1694156400002,1.25e-05
1694160000094,1.25e-05
1694163600083,1.25e-05
1694167200189,1.25e-05
1694170800096,1.25e-05
1694174400018,1.25e-05
1694178000319,1.25e-05
1694181600146,1.25e-05
1694185200052,1.25e-05
1694188800217,1.25e-05
1694192400183,1.25e-05
1694196000064,1.25e-05
1694199600356,1.25e-05
1694203200030,1.25e-05
1694206800073,1.25e-05
1694210400107,1.25e-05
1694214000150,1.25e-05
1694217600052,1.25e-05
1694221200034,1.25e-05
1694224800000,1.25e-05
1694228400062,1.25e-05
1694232000238,1.25e-05
1694235600346,1.25e-05
1694239200064,1.25e-05
1694242800141,1.25e-05
1694246400157,1.25e-05
1694250000402,1.25e-05
1694253600091,1.25e-05
1694257200062,1.25e-05
1694260800088,1.25e-05
1694264400361,1.25e-05
1694268000060,1.25e-05
1694271600212,1.25e-05
1694275200091,1.25e-05
1694278800140,1.25e-05
1694282400045,1.25e-05
1694286000173,1.25e-05
1694289600062,1.25e-05
1694293200176,1.25e-05
1694296800078,1.25e-05
1694300400137,1.25e-05
1694304000102,1.25e-05
1694307600069,1.25e-05
1694311200221,1.25e-05
1694314800176,1.25e-05
1694318400186,1.25e-05
1694322000045,-2.18663e-05
1694325600081,-2.18854e-05
1694329200006,-2.10872e-05
1694332800061,-2.75226e-05
1694336400082,-1.8231e-05
1694340000187,-2.74893e-05
1694343600179,-2.42466e-05
1694347200052,-2.47625e-05
1694350800168,-2.40979e-05
1694354400040,-3.06246e-05
1694358000021,-4.6364e-05
1694361600182,-3.89009e-05
1694365200099,-3.98684e-05
1694368800024,-3.97241e-05
1694372400322,-3.70487e-05
1694376000176,-4.30303e-05
1694379600229,-5.08983e-05
1694383200223,-4.61284e-05
1694386800084,-4.26774e-05
1694390400156,-3.64709e-05
1694394000166,-3.54018e-05
1694397600050,-2.77773e-05
1694401200121,-3.1271e-06
1694404800076,-2.5268e-05
1694408400120,-2.42772e-05
1694412000123,-2.00023e-05
1694415600018,-1.20397e-05
1694419200179,-1.41215e-05
1694422800074,-2.20845e-05
1694426400003,-2.01268e-05
1694430000192,-1.86399e-05
1694433600110,-1.87785e-05
1694437200160,-3.12166e-05
1694440800275,-2.90769e-05
1694444400025,-2.18897e-05
1694448000367,1.25e-05
1694451600206,1.25e-05
1694455200279,1.25e-05
1694458800142,1.25e-05
1694462400016,1.25e-05
1694466000008,-4.8759e-05
1694469600059,-0.0001191005
1694473200439,-8.08399e-05
1694476800118,-5.18934e-05
1694480400410,-4.88407e-05
1694484000085,-5.96749e-05
1694487600216,-4.65116e-05
1694491200160,-1.42963e-05
1694494800017,-2.9939e-05
1694498400174,-5.02399e-05
1694502000097,-5.37109e-05
1694505600192,-2.68383e-05
1694509200178,-2.70164e-05
1694512800034,-5.34038e-05
1694516400177,-5.4784e-05
1694520000186,-6.2766e-05
1694523600225,-6.55865e-05
1694527200008,-6.38154e-05
1694530800217,-8.54807e-05
1694534400157,-6.46782e-05
1694538000092,-4.81142e-05
1694541600036,-3.14751e-05
1694545200240,-2.20282e-05
1694548800204,-2.57337e-05
1694552400037,-2.59097e-05
1694556000060,-2.61954e-05
1694559600016,-4.68074e-05
1694563200053,-5.48042e-05
1694566800031,-5.72644e-05
1694570400133,-4.62182e-05
1694574000099,-4.85604e-05
1694577600079,-4.25612e-05
1694581200187,-3.99061e-05
1694584800013,-4.05674e-05
1694588400357,-3.04948e-05
1694592000201,-3.75678e-05
1694595600096,-3.166e-05
1694599200028,-2.83926e-05
1694602800184,-2.17895e-05
1694606400076,-2.7369e-05
1694610000143,-3.06683e-05
1694613600031,-3.33747e-05
1694617200334,-1.26301e-05
1694620800088,-1.58106e-05
1694624400155,7.4826e-06
1694628000020,8.6216e-06
1694631600115,1.25e-05
1694635200050,7.8775e-06
1694638800066,-9.3475e-06
1694642400165,-1.69867e-05
1694646000010,-1.96789e-05
1694649600070,-1.06981e-05
1694653200080,1.1832e-06
1694656800063,8.8447e-06
1694660400129,1.25e-05
1694664000089,1.25e-05
1694667600013,1.25e-05
1694671200184,1.25e-05
1694674800169,1.25e-05
1694678400272,1.25e-05
1694682000144,1.25e-05
1694685600013,9.9568e-06
1694689200087,1.1971e-05
1694692800156,1.25e-05
1694696400102,1.25e-05
1694700000167,1.25e-05
1694703600106,1.25e-05
1694707200216,1.25e-05
1694710800093,1.25e-05
1694714400005,5.6767e-06
1694718000054,-5.3795e-06
1694721600029,4.7567e-06
1694725200017,-3.6515e-06
1694728800642,5.3571e-06
1694732400182,1.25e-05
1694736000142,9.26e-08
1694739600019,-3.8719e-06
1694743200175,5.0049e-06
1694746800238,3.486e-06
1694750400091,6.2303e-06
1694754000124,6.4547e-06
1694757600049,2.5809e-06
1694761200055,1.25e-05
1694764800114,1.25e-05
1694768400070,9.5922e-06
1694772000028,3.095e-07
1694775600023,1.25e-05
1694779200183,9.2345e-06
1694782800003,1.25e-05
1694786400045,1.06005e-05
1694790000145,2.442e-07
1694793600096,-1.86297e-05
1694797200020,6.9055e-06
1694800800065,4.1564e-06
1694804400129,6.2391e-06
1694808000327,6.9683e-06
1694811600097,8.4173e-06
1694815200062,6.956e-07
1694818800142,1.20992e-05
1694822400140,1.25e-05
1694826000001,1.25e-05
1694829600451,1.25e-05
1694833200163,1.25e-05
1694836800042,8.8228e-06
1694840400059,9.3681e-06
1694844000007,1.25e-05
1694847600291,1.11326e-05
1694851200096,1.25e-05
1694854800124,1.25e-05
1694858400105,5.6667e-06
1694862000128,-1.40024e-05
1694865600167,-2.25044e-05
1694869200111,-5.8609e-06
1694872800210,-2.13509e-05
1694876400170,-2.33727e-05
1694880000106,-1.36378e-05
1694883600211,-1.75993e-05
1694887200081,-1.30023e-05
1694890800065,-1.14917e-05
1694894400123,-1.95844e-05
1694898000012,-1.28605e-05
1694901600102,-1.20139e-05
1694905200204,-1.47069e-05
1694908800098,-2.14089e-05
1694912400169,-1.64241e-05
1694916000157,-2.27628e-05
1694919600140,-5.31391e-05
1694923200167,-1.1383e-05
1694926800036,-1.24914e-05
1694930400011,-1.22501e-05
1694934000131,-1.55454e-05
1694937600046,-1.89635e-05
1694941200261,-2.39786e-05
1694944800037,-2.25773e-05
1694948400022,-1.84592e-05
1694952000160,-2.46626e-05
1694955600007,-2.39436e-05
1694959200145,-1.80869e-05
1694962800169,-2.11649e-05
1694966400059,-2.16309e-05
1694970000049,-1.93072e-05
1694973600017,-1.75053e-05
1694977200111,-1.36582e-05
1694980800224,-2.25837e-05
1694984400136,-3.06621e-05
1694988000244,-1.62319e-05
1694991600269,-1.84392e-05
1694995200052,-5.36509e-05
1694998800082,-2.9962e-05
1695002400185,-2.25208e-05
1695006000134,-1.8579e-05
1695009600125,-7.02313e-05
1695013200117,-7.15713e-05
1695016800042,-3.88169e-05
1695020400004,-3.61221e-05
1695024000201,-2.84786e-05
1695027600100,-1.69542e-05
1695031200143,-6.2798e-06
1695034800240,1.25e-05
1695038400131,1.61545e-05
1695042000376,1.25e-05
1695045600008,1.25e-05
1695049200091,1.25e-05
1695052800020,1.25e-05
1695056400117,1.25e-05
1695060000009,1.25e-05
1695063600077,1.25e-05
1695067200018,1.25e-05
1695070800027,1.25e-05
1695074400125,1.25e-05
1695078000169,1.25e-05
1695081600110,1.25e-05
1695085200136,1.25e-05
1695088800150,1.25e-05
1695092400078,1.25e-05
1695096000169,1.25e-05
1695099600152,1.25e-05
1695103200021,1.25e-05
1695106800166,1.25e-05
1695110400186,1.25e-05
1695114000086,1.25e-05
1695117600021,1.25e-05
1695121200203,1.25e-05
1695124800168,1.25e-05
1695128400186,1.25e-05
1695132000403,1.25e-05
1695135600199,1.25e-05
1695139200007,1.25e-05
1695142800133,1.25e-05
1695146400409,1.25e-05
1695150000059,2.09171e-05
1695153600268,2.88128e-05
1695157200161,5.65686e-05
1695160800204,3.79775e-05
1695164400197,1.79778e-05
1695168000042,1.56207e-05
1695171600455,1.25e-05
1695175200024,1.40312e-05
1695178800086,1.2557e-05
1695182400150,2.02006e-05
1695186000170,2.38555e-05
1695189600168,1.25e-05
1695193200129,1.25e-05
1695196800143,1.25e-05
1695200400185,1.25e-05
1695204000087,1.25e-05
1695207600174,1.25e-05
1695211200046,1.25e-05
1695214800092,1.25e-05
1695218400410,2.72523e-05
1695222000021,3.42937e-05
1695225600121,4.55575e-05
1695229200176,1.25e-05
1695232800053,1.25e-05
1695236400135,1.75992e-05
1695240000132,1.25e-05
1695243600372,1.25e-05
1695247200005,1.63578e-05
1695250800271,1.25e-05
1695254400087,1.25e-05
1695258000389,1.25e-05
1695261602585,1.27861e-05
1695265200067,1.25e-05
1695268800270,1.25e-05
1695272400084,1.25e-05
1695276000302,1.25e-05
1695279600005,1.25e-05
1695283200192,1.25e-05
1695286800033,1.25e-05
1695290400179,1.25e-05
1695294000103,1.25e-05
1695297600002,1.25e-05
1695301200366,1.25e-05
1695304800960,1.25e-05
1695308400167,1.25e-05
1695312000119,1.25e-05
1695315600034,1.25e-05
1695319200105,1.25e-05
1695322800739,1.25e-05
1695326400047,1.25e-05
1695330000281,1.25e-05
1695333600029,1.25e-05
1695337200007,1.25e-05
1695340800261,1.25e-05
1695344400330,1.25e-05
1695348000312,1.25e-05
1695351600102,1.25e-05
1695355200117,1.25e-05
1695358800011,1.25e-05
1695362400245,1.25e-05
1695366000115,1.25e-05
1695369600132,1.25e-05
1695373200176,1.25e-05
1695376800150,1.25e-05
1695380400456,1.25e-05
1695384000200,1.25e-05
1695387600099,1.25e-05
1695391200198,1.25e-05
1695394800444,1.25e-05
1695398400244,1.25e-05
1695402000353,1.25e-05
1695405600109,1.25e-05
1695409200136,1.25e-05
1695412800142,1.25e-05
1695416400178,1.25e-05
1695420000107,1.25e-05
1695423600023,1.25e-05
1695427200021,1.25e-05
1695430800150,1.25e-05
1695434400384,1.25e-05
1695438000182,1.25e-05
1695441600331,1.25e-05
1695445200193,1.25e-05
1695448800101,1.25e-05
1695452400142,1.25e-05
1695456000411,1.25e-05
1695459600306,1.25e-05
1695463200054,1.25e-05
1695466800364,1.25e-05
1695470400056,1.25e-05
1695474000041,1.25e-05
1695477600034,1.25e-05
1695481200074,1.25e-05
1695484800017,1.25e-05
1695488400318,1.25e-05
1695492000176,1.25e-05
1695495600079,1.25e-05
1695499200185,1.25e-05
1695502800181,1.25e-05
1695506400021,1.25e-05
1695510000028,1.25e-05
1695513600041,1.25e-05
1695517200135,1.25e-05
1695520800063,1.25e-05
1695524400024,1.25e-05
1695528000341,1.25e-05
1695531600031,1.25e-05
1695535200509,1.25e-05
1695538800035,1.25e-05
1695542400336,1.25e-05
1695546000155,1.25e-05
1695549600181,1.25e-05
1695553200459,1.25e-05
1695556800119,1.25e-05
1695560400021,1.25e-05
1695564000039,1.25e-05
1695567600034,1.25e-05
1695571200054,1.25e-05
1695574800036,1.25e-05
1695578400168,1.25e-05
1695582000136,1.25e-05
1695585600116,1.25e-05
1695589200139,1.25e-05
1695592800020,1.25e-05
1695596400047,1.25e-05
1695600000168,1.25e-05
1695603600010,7.3109e-06
1695607200068,1.3275e-06
1695610800131,1.25e-05
1695614400228,1.25e-05
1695618000060,1.25e-05
1695621600067,1.25e-05
1695625200162,1.25e-05
1695628800335,1.25e-05
1695632400196,1.25e-05
1695636000196,1.25e-05
1695639600512,1.25e-05
1695643200021,1.25e-05
1695646800109,1.25e-05
1695650400009,1.25e-05
1695654000442,1.25e-05
1695657600061,1.25e-05
1695661200221,1.25e-05
1695664800112,1.25e-05
1695668400022,1.25e-05
1695672000173,1.25e-05
1695675600444,1.25e-05
1695679200178,1.25e-05
1695682800170,1.25e-05
1695686400116,1.25e-05
1695690000072,1.25e-05
1695693600542,1.25e-05
1695697200103,1.25e-05
1695700800163,1.25e-05
1695704400258,1.25e-05
1695708000045,1.25e-05
1695711600085,1.25e-05
1695715200079,1.25e-05
1695718800143,1.25e-05
1695722400005,1.25e-05
1695726000030,-1.808e-06
1695729600063,-1.03921e-05
1695733200144,1.15475e-05
1695736800075,1.25e-05
1695740400117,6.909e-06
1695744000381,7.5512e-06
1695747600016,8.7536e-06
1695751200162,5.7233e-06
1695754800149,5.9849e-06
1695758400051,1.25e-05
1695762000202,6.926e-06
1695765600123,-3.1808e-06
1695769200014,-5.2148e-06
1695772800016,-6.3091e-06
1695776400087,-4.1196e-06
1695780000235,-1.9264e-06
1695783600065,-5.7137e-06
1695787200058,-5.7428e-06
1695790800383,-9.6844e-06
1695794400007,-5.5049e-06
1695798000334,-3.725e-06
1695801600163,5.4792e-06
1695805200460,1.25e-05
1695808800148,8.1348e-06
1695812400252,-9.0132e-06
1695816000193,-2.82569e-05
1695819600113,-2.7505e-06
1695823200069,1.5808e-06
1695826800086,7.3176e-06
1695830400192,1.11825e-05
1695834000011,1.02684e-05
1695837600014,1.25e-05
1695841200097,1.25e-05
1695844800043,1.25e-05
1695848400148,1.25e-05
1695852000020,8.9266e-06
1695855711280,-1.2668e-06
1695859200160,-8.0347e-06
1695862800173,3.6737e-06
1695866400035,3.8619e-06
1695870000110,3.7485e-06
1695873600063,4.7275e-06
1695877200013,-1.9e-08
1695880800001,-5.797e-06
1695884400066,-1.2313e-06
1695888000128,-9.8507e-06
1695891600182,1.25e-05
1695895200197,1.25e-05
1695898800066,1.25e-05
1695902400154,1.25e-05
1695906000212,1.25e-05
1695909600114,1.25e-05
1695913200048,1.25e-05
1695916800017,1.25e-05
1695920400176,-1.83372e-05
1695924000029,-1.28853e-05
1695927600090,1.25e-05
1695931200113,1.25e-05
1695934800147,1.25e-05
1695938400006,1.25e-05
1695942000120,1.25e-05
1695945600265,1.25e-05
1695949200046,1.25e-05
1695952800150,1.25e-05
1695956400275,1.25e-05
1695960000120,1.25e-05
1695963600111,1.25e-05
1695967200116,1.25e-05
1695970800084,1.25e-05
1695974400123,1.25e-05
1695978000026,1.25e-05
1695981600303,1.25e-05
1695985200203,1.25e-05
1695988800105,1.25e-05
1695992400045,1.25e-05
1695996000089,1.25e-05
1695999600506,1.25e-05
1696003200035,1.25e-05
1696006800013,1.25e-05
1696010400167,1.25e-05
1696014000090,1.25e-05
1696017600104,1.25e-05
1696021200073,1.25e-05
1696024800009,1.25e-05
1696028400086,1.25e-05
1696032000131,1.25e-05
1696035600069,1.25e-05
1696039200110,1.25e-05
1696042800214,1.25e-05
1696046400075,1.25e-05
1696050000030,1.25e-05
1696053600085,1.25e-05
1696057200012,1.25e-05
1696060800139,1.25e-05
1696064400186,1.25e-05
1696068000065,1.25e-05
1696071600143,1.25e-05
1696075200087,1.25e-05
1696078800040,1.25e-05
1696082400144,1.25e-05
1696086000243,1.25e-05
1696089600058,1.25e-05
1696093200082,1.25e-05
1696096800156,1.25e-05
1696100400036,1.25e-05
1696104000088,1.25e-05
1696107600194,1.25e-05
1696111200405,1.25e-05
1696114800015,1.25e-05
1696118400135,1.25e-05
1696122000257,1.25e-05
1696125600179,1.25e-05
1696129200018,1.25e-05
1696132800002,1.25e-05
1696136400089,1.25e-05
1696140000168,1.25e-05
1696143600120,1.25e-05
1696147200113,1.25e-05
1696150800076,1.25e-05
1696154400126,1.25e-05
1696158000033,1.25e-05
1696161600203,1.25e-05
1696165200190,1.25e-05
1696168800081,1.25e-05
1696172400076,1.25e-05
1696176000125,1.25e-05
1696179600055,1.25e-05
1696183200037,1.25e-05
1696186800183,1.25e-05
1696190400115,1.25e-05
1696194000043,1.25e-05
1696197600059,1.25e-05
1696201200116,1.25e-05
1696204800063,1.25e-05
1696208400181,1.25e-05
1696212000134,1.25e-05
1696215600062,4.1714e-06
1696219200063,4.3774e-06
1696222800147,1.25e-05
1696226400147,1.25e-05
1696230000018,1.25e-05
1696233600000,1.25e-05
1696237200179,1.25e-05
1696240800018,1.25e-05
1696244400161,1.25e-05
1696248000005,1.25e-05
1696251600108,1.00515e-05
1696255200078,1.17155e-05
1696258800038,1.25e-05
1696262400186,-3.6629e-06
1696266000147,1.25e-05
1696269600002,1.25e-05
1696273200055,1.25e-05
1696276800137,1.4949e-06
1696280400135,1.22147e-05
1696284000019,-1.9897e-06
1696287600082,7.9237e-06
1696291200029,6.3849e-06
1696294800025,1.25e-05
1696298400209,1.25e-05
1696302000117,1.25e-05
1696305600024,1.25e-05
1696309200314,1.25e-05
1696312800242,1.25e-05
1696316400012,1.25e-05
1696320000121,1.25e-05
1696323600002,1.25e-05
1696327200254,1.25e-05
1696330800061,1.25e-05
1696334400045,1.25e-05
1696338000091,1.25e-05
1696341600121,1.25e-05
1696345200142,1.25e-05
1696348800425,1.25e-05
1696352400165,1.25e-05
1696356000045,1.25e-05
1696359600436,1.25e-05
1696363200096,1.25e-05
1696366800388,1.25e-05
1696370400100,1.25e-05
1696374000154,1.25e-05
1696377600085,1.25e-05
1696381200216,1.25e-05
1696384800156,1.25e-05
1696388400139,1.25e-05
1696392000130,1.25e-05
1696395600065,1.25e-05
1696399200005,1.25e-05
1696402800130,1.25e-05
1696406400027,1.25e-05
1696410000073,1.25e-05
1696413600006,-1.21319e-05
1696417200031,-1.86258e-05
1696420800377,-1.59424e-05
1696424400228,1.25e-05
1696428000201,1.25e-05
1696431600153,1.25e-05
1696435200527,1.25e-05
1696438800067,1.25e-05
1696442400022,1.25e-05
1696446000134,1.25e-05
1696449600150,1.25e-05
1696453200076,1.25e-05
1696456800981,1.25e-05
1696460400115,1.25e-05
1696464000201,1.25e-05
1696467600429,1.25e-05
1696471200095,1.25e-05
1696474800374,1.25e-05
1696478400089,1.25e-05
1696482000134,4.0292e-06
1696485600061,1.3504e-06
1696489200062,1.25e-05
1696492800198,1.25e-05
1696496400059,1.22099e-05
1696500000088,1.25e-05
1696503600123,1.25e-05
1696507200192,1.25e-05
1696510800331,1.25e-05
1696514400094,1.25e-05
1696518000422,1.25e-05
1696521600144,1.25e-05
1696525200049,1.25e-05
1696528800111,1.25e-05
1696532400181,1.25e-05
1696536000194,1.25e-05
1696539600256,1.25e-05
1696543200125,1.25e-05
1696546800152,1.25e-05
1696550400131,1.25e-05
1696554000186,1.25e-05
1696557600070,1.25e-05
1696561200083,1.25e-05
1696564800119,1.25e-05
1696568400080,1.25e-05
1696572000075,1.25e-05
1696575600042,1.25e-05
1696579200047,1.25e-05
1696582800118,1.25e-05
1696586400440,1.25e-05
1696590000068,1.25e-05
1696593600370,1.25e-05
1696597200170,1.25e-05
1696600800082,1.25e-05
1696604400067,1.25e-05
1696608000014,1.25e-05
1696611600038,1.25e-05
1696615200137,1.25e-05
1696618800312,1.25e-05
1696622400178,1.25e-05
1696626000169,1.25e-05
1696629600162,1.25e-05
1696633200027,1.25e-05
1696636800032,1.25e-05
1696640400070,1.25e-05
1696644000084,1.25e-05
1696647600363,1.25e-05
1696651200049,1.25e-05
1696654800251,1.25e-05
1696658400379,1.25e-05
1696662000125,1.25e-05
1696665600931,1.25e-05
1696669200124,1.25e-05
1696672800233,1.25e-05
1696676400000,1.25e-05
1696680000077,1.25e-05
1696683600082,1.25e-05
1696687200191,1.25e-05
1696690800062,1.25e-05
1696694400117,1.25e-05
1696698000047,1.25e-05
1696701600115,1.25e-05
1696705200291,1.18748e-05
1696708800183,1.04328e-05
1696712400154,1.02665e-05
1696716000196,8.6543e-06
1696719600042,1.0922e-05
1696723200149,8.9017e-06
1696726800011,1.25e-05
1696730400210,1.07638e-05
1696734000045,9.3429e-06
1696737600196,7.1868e-06
1696741200014,4.5182e-06
1696744800032,6.6097e-06
1696748400021,5.2046e-06
1696752000009,1.25e-05
1696755600282,1.25e-05
1696759200188,1.25e-05
1696762800185,1.25e-05
1696766400083,1.25e-05
1696770000165,1.25e-05
1696773600317,9.0782e-06
1696777200203,6.8097e-06
1696780800057,1.25e-05
1696784400125,1.25e-05
1696788000168,1.25e-05
1696791600069,1.25e-05
1696795200672,1.25e-05
1696798800041,1.25e-05
1696802400028,1.0484e-05
1696806000211,1.25e-05
1696809600013,1.25e-05
1696813200022,1.25e-05
1696816800171,1.25e-05
1696820400084,1.25e-05
1696824000064,1.25e-05
1696827600140,1.25e-05
1696831200084,1.25e-05
1696834800123,1.25e-05
1696838400171,1.25e-05
1696842000185,1.25e-05
1696845600065,1.25e-05
1696849200191,1.25e-05
1696852800071,1.25e-05
1696856400091,1.25e-05
1696860000095,1.25e-05
1696863600013,1.25e-05
1696867200075,8.9745e-06
1696870800199,-6.3626e-06
1696874400127,-1.28538e-05
1696878000159,-1.24361e-05
1696881600213,-9.2147e-06
1696885200386,-1.13801e-05
1696888800031,-1.37795e-05
1696892400386,-1.62711e-05
1696896000093,-2.0021e-05
1696899600109,-8.2841e-06
1696903200050,-1.14813e-05
1696906800056,-1.47952e-05
1696910400112,-1.96648e-05
1696914000019,-1.22292e-05
1696917600137,-6.065e-06
1696921200339,-1.29689e-05
1696924800140,-1.5091e-05
1696928400092,8.134e-07
1696932000030,-1.1586e-06
1696935600028,-4.5485e-06
1696939200100,-5.0769e-06
1696942800066,-7.4067e-06
1696946400009,-4.9654e-06
1696950000147,-4.6003e-06
1696953600013,-3.0703e-06
1696957200006,3.2015e-06
1696960800087,1.25e-05
1696964400104,1.25e-05
1696968000382,1.25e-05
1696971600059,1.25e-05
1696975200202,1.25e-05
1696978800105,1.25e-05
1696982400147,1.25e-05
1696986000092,1.25e-05
1696989600110,1.25e-05
1696993200146,1.25e-05
1696996800100,1.25e-05
1697000400067,1.25e-05
1697004000190,1.25e-05
1697007600048,1.25e-05
1697011200035,1.25e-05
1697014800181,1.25e-05
1697018400184,1.25e-05
1697022000361,1.25e-05
1697025600132,1.25e-05
1697029200359,1.25e-05
1697032800116,1.25e-05
1697036400035,1.25e-05
1697040000008,1.25e-05
1697043601751,1.25e-05
1697047200118,1.25e-05
1697050800216,1.25e-05
1697054400054,1.25e-05
1697058000345,1.25e-05
1697061600153,1.25e-05
1697065200311,1.25e-05
1697068800092,1.52731e-05
1697072400083,1.25e-05
1697076000036,1.25e-05
1697079600006,1.25e-05
1697083200105,1.25e-05
1697086800138,1.25e-05
1697090400195,1.25e-05
1697094000071,1.25e-05
1697097600173,1.25e-05
1697101200140,1.25e-05
1697104800074,1.25e-05
1697108400175,1.25e-05
1697112000004,1.25e-05
1697115600275,1.25e-05
1697119200205,1.25e-05
1697122800045,1.25e-05
1697126400296,1.25e-05
1697130000041,1.25e-05
1697133600059,1.25e-05
1697137200109,1.25e-05
1697140800019,1.25e-05
1697144400150,1.25e-05
1697148000050,1.25e-05
1697151600184,1.25e-05
1697155200020,1.25e-05
1697158800075,1.25e-05
1697162400116,1.25e-05
1697166000167,1.25e-05
1697169600024,1.25e-05
1697173200202,1.25e-05
1697176800129,1.25e-05
1697180400148,1.25e-05
1697184000014,1.25e-05
1697187600191,1.25e-05
1697191200201,1.25e-05
1697194800200,1.25e-05
1697198400170,1.25e-05
1697202000172,1.25e-05
1697205600041,1.25e-05
1697209200069,1.25e-05
1697212800080,1.25e-05
1697216400140,1.25e-05
1697220000303,1.25e-05
1697223600126,1.25e-05
1697227200016,1.25e-05
1697230800184,1.25e-05
1697234400118,1.25e-05
1697238000304,1.25e-05
1697241600056,1.25e-05
1697245200180,1.25e-05
1697248800080,1.25e-05
1697252400319,1.25e-05
1697256000049,1.25e-05
1697259600041,1.25e-05
1697263200143,1.25e-05
1697266800126,1.25e-05
1697270400146,1.25e-05
1697274000020,1.25e-05
1697277600100,1.25e-05
1697281200151,1.25e-05
1697284800066,1.25e-05
1697288400055,1.25e-05
1697292000150,1.25e-05
1697295600036,1.25e-05
1697299200179,1.25e-05
1697302800039,1.25e-05
1697306400173,1.25e-05
1697310000108,1.25e-05
1697313600100,1.25e-05
1697317200325,1.25e-05
1697320800001,1.25e-05
1697324400141,1.25e-05
1697328000212,1.25e-05
1697331600106,1.25e-05
1697335200187,1.25e-05
1697338800090,1.25e-05
1697342400171,1.25e-05
1697346000385,1.25e-05
1697349600107,1.25e-05
1697353200130,1.25e-05
1697356800127,1.25e-05
1697360400006,1.25e-05
1697364000047,1.25e-05
1697367600098,1.25e-05
1697371200052,1.25e-05
1697374800024,1.25e-05
1697378400000,1.25e-05
1697382000196,1.25e-05
1697385600131,1.25e-05
1697389200013,1.25e-05
1697392800140,1.25e-05
1697396400042,1.25e-05
1697400000034,1.25e-05
1697403600115,1.25e-05
1697407200079,1.25e-05
1697410800043,1.25e-05
1697414400067,1.25e-05
1697418000313,1.25e-05
1697421600055,1.25e-05
1697425200084,1.25e-05
1697428800065,1.25e-05
1697432400167,1.25e-05
1697436000115,1.25e-05
1697439600033,8.784e-06
1697443200044,5.9527e-06
1697446800024,8.499e-06
1697450400146,1.0578e-05
1697454000416,5.4026e-06
1697457600065,3.3491e-06
1697461200026,-1.76e-06
1697464800089,9.17186e-05
1697468400332,3.13927e-05
1697472000088,1.25e-05
1697475600017,1.25e-05
1697479200007,1.25e-05
1697482800183,1.25e-05
1697486400012,1.25e-05
1697490000016,1.25e-05
1697493600003,1.25e-05
1697497200006,1.25e-05
1697500800105,1.25e-05
1697504400088,1.25e-05
1697508000140,1.25e-05
1697511600115,1.25e-05
1697515200095,1.25e-05
1697518800011,1.25e-05
1697522400109,1.25e-05
1697526000052,1.25e-05
1697529600040,1.25e-05
1697533200022,1.25e-05
1697536800176,1.25e-05
1697540400080,1.25e-05
1697544000180,1.25e-05
1697547600002,1.25e-05
1697551200025,1.25e-05
1697554800372,1.25e-05
1697558400099,1.25e-05
1697562000203,1.25e-05
1697565600045,1.25e-05
1697569200175,1.25e-05
1697572800033,1.25e-05
1697576400108,1.25e-05
1697580000103,1.25e-05
1697583600138,1.25e-05
1697587200084,1.25e-05
1697590800011,1.25e-05
1697594400571,1.25e-05
1697598000156,1.25e-05
1697601600092,1.25e-05
1697605200137,8.5436e-06
1697608800217,1.25e-05
1697612400181,1.25e-05
1697616000187,1.25e-05
1697619600085,1.25e-05
1697623200108,1.25e-05
1697626800126,1.25e-05
1697630400044,1.25e-05
1697634000365,1.25e-05
1697637600036,1.25e-05
1697641200253,1.25e-05
1697644800058,1.25e-05
1697648400257,1.25e-05
1697652000137,1.25e-05
1697655600147,1.25e-05
1697659200024,1.25e-05
1697662800028,4.341e-07
1697666400054,-3.0321e-06
1697670000135,-2.8761e-06
1697673600116,-3.2343e-06
1697677200169,1.014e-06
1697680800090,7.352e-07
1697684400038,4.3281e-06
1697688000087,8.8149e-06
1697691600196,6.3996e-06
1697695200108,1.939e-06
1697698800148,8.8326e-06
1697702400231,2.2115e-06
1697706000032,3.3584e-06
1697709600280,3.193e-06
1697713200142,1.5318e-06
1697716800176,-5.1923e-06
1697720400010,1.25e-05
1697724000084,1.25e-05
1697727600186,1.25e-05
1697731200167,1.25e-05
1697734800033,1.25e-05
1697738400194,1.25e-05
1697742000169,1.25e-05
1697745600027,1.2283e-05
1697749200151,1.03716e-05
1697752800220,1.25e-05
1697756400093,8.4705e-06
1697760000098,8.8099e-06
1697763600170,6.4387e-06
1697767200179,1.25e-05
1697770800030,1.25e-05
1697774400083,1.25e-05
1697778000029,1.25e-05
1697781600004,8.8123e-06
1697785200120,5.3861e-06
1697788800052,8.9492e-06
1697792400016,1.25e-05
1697796000258,1.25e-05
1697799600084,5.81962e-05
1697803200040,3.52876e-05
1697806800138,3.89195e-05
1697810400048,2.80789e-05
1697814000206,2.80432e-05
1697817600079,2.89819e-05
1697821200151,1.25e-05
1697824800033,1.2509e-05
1697828400183,1.25e-05
1697832000010,1.25e-05
1697835600180,1.25e-05
1697839200012,1.25e-05
1697842800042,1.25e-05
1697846400138,2.22995e-05
1697850000180,1.25e-05
1697853600406,1.25e-05
1697857200180,1.25e-05
1697860800208,1.25e-05
1697864400171,1.25e-05
1697868000147,1.29405e-05
1697871600174,2.47476e-05
1697875200112,2.06866e-05
1697878800153,1.25e-05
1697882400053,2.09628e-05
1697886000134,2.05647e-05
1697889600135,2.07824e-05
1697893200050,1.53942e-05
1697896800063,2.01444e-05
1697900400121,2.70398e-05
1697904000391,3.34496e-05
1697907600155,1.25e-05
1697911200107,1.77895e-05
1697914800033,2.81891e-05
1697918400100,2.00487e-05
1697922000051,1.78287e-05
1697925600185,1.25e-05
1697929200115,1.25e-05
1697932800099,1.45366e-05
1697936400070,1.25e-05
1697940000172,1.25e-05
1697943600029,1.25e-05
1697947200179,1.25e-05
1697950800047,1.25e-05
1697954400056,3.15423e-05
1697958000424,3.35266e-05
1697961600123,3.28592e-05
1697965200021,1.7178e-05
1697968800013,1.25e-05
1697972400440,1.33416e-05
1697976000400,1.48343e-05
1697979600055,1.49499e-05
1697983200184,1.32651e-05
1697986800119,1.46015e-05
1697990400032,2.55852e-05
1697994000118,1.25e-05
1697997600358,1.25e-05
1698001200097,1.25e-05
1698004800314,1.47966e-05
1698008400035,1.72911e-05
1698012000028,2.60666e-05
1698015600059,2.49712e-05
1698019200014,3.11966e-05
1698022800024,1.89462e-05
1698026400424,4.33905e-05
1698030000051,1.83363e-05
1698033600295,3.77105e-05
1698037200120,2.81774e-05
1698040800116,3.32492e-05
1698044400029,1.25e-05
1698048000306,1.25e-05
1698051600359,1.25e-05
1698055200207,1.25e-05
1698058800294,1.25e-05
1698062400123,1.25e-05
1698066000304,1.25e-05
1698069600023,1.25e-05
1698073200164,1.25e-05
1698076800196,1.25e-05
1698080400120,3.94819e-05
1698084000153,6.59082e-05
1698087600109,6.12322e-05
1698091200204,7.60294e-05
1698094800200,0.0001027025
1698098400218,7.77495e-05
1698102000076,0.0004531579
1698105600397,0.0003668668
1698109200349,0.0001282343
1698112800366,0.0001001772
1698116400007,0.0001541778
1698120000315,0.0001323674
1698123600315,0.0001246499
1698127200262,0.0001230757
1698130800422,0.0001515902
1698134400408,9.8803e-05
1698138000072,3.45468e-05
1698141600115,3.92488e-05
1698145200043,3.37239e-05
1698148800331,6.47705e-05
1698152400016,6.68913e-05
1698156000083,5.41736e-05
1698159600153,4.52746e-05
1698163200221,7.45454e-05
1698166800029,3.42905e-05
1698170400154,2.71728e-05
1698174000226,1.64414e-05
1698177600274,1.25e-05
1698181200201,1.25e-05
1698184800193,2.26322e-05
1698188400161,1.25e-05
1698192000317,1.25e-05
1698195600037,1.25e-05
1698199200355,1.67193e-05
1698202800304,1.25e-05
1698206400436,1.55256e-05
1698210000148,1.25e-05
1698213600016,1.25e-05
1698217200047,1.25e-05
1698220800353,1.36873e-05
1698224400155,1.25e-05
1698228000258,1.25e-05
1698231600042,1.25e-05
1698235200103,1.78739e-05
1698238800390,2.65993e-05
1698242400096,4.92804e-05
1698246000252,3.57113e-05
1698249600376,8.84829e-05
1698253200055,6.82557e-05
1698256800433,6.03411e-05
1698260400358,6.14823e-05
1698264000180,6.40435e-05
1698267600172,9.72571e-05
1698271200369,7.35712e-05
1698274800389,6.37724e-05
1698278400189,3.47089e-05
1698282000021,2.98699e-05
1698285600327,3.84556e-05
1698289200186,3.93049e-05
1698292800224,4.35137e-05
1698296400264,4.96626e-05
1698300000295,5.94349e-05
1698303600393,6.54933e-05
1698307200132,9.57037e-05
1698310800389,4.64798e-05
1698314400198,4.44027e-05
1698318000000,5.29749e-05
1698321600224,6.48746e-05
1698325200010,5.13286e-05
1698328800082,4.6095e-05
1698332400006,5.6746e-05
1698336000046,3.3592e-05
1698339600363,1.25e-05
1698343200157,1.77736e-05
1698346800209,1.2706e-05
1698350400157,1.81057e-05
1698354000125,1.80604e-05
1698357600088,2.21919e-05
1698361200186,2.06496e-05
1698364800266,3.82698e-05
1698368400286,2.38382e-05
1698372000040,1.91432e-05
1698375600153,3.07732e-05
1698379200191,3.51929e-05
1698382800067,4.18559e-05
1698386400130,2.43939e-05
1698390000073,3.80969e-05
1698393600370,6.73322e-05
1698397200261,2.98841e-05
1698400800442,3.00802e-05
1698404400124,3.12128e-05
1698408000210,3.04803e-05
1698411600369,4.31658e-05
1698415200110,5.10882e-05
1698418800040,4.49772e-05
1698422400119,4.68166e-05
1698426000017,2.05317e-05
1698429600040,1.85354e-05
1698433200362,2.02904e-05
1698436800365,2.22623e-05
1698440400152,1.98085e-05
1698444000043,1.86519e-05
1698447600105,1.36666e-05
1698451200153,4.08717e-05
1698454800188,2.32999e-05
1698458400027,2.88241e-05
1698462000082,3.50667e-05
1698465600284,5.32156e-05
1698469200042,4.78834e-05
1698472800033,5.91732e-05
1698476400034,4.87751e-05
1698480000409,3.33182e-05
1698483600110,2.93588e-05
1698487200089,3.46531e-05
1698490800070,3.38969e-05
1698494400149,4.86133e-05
1698498000187,4.48097e-05
1698501600050,4.61574e-05
1698505200170,5.2532e-05
1698508800307,6.10972e-05
1698512400203,2.81098e-05
1698516000173,3.0521e-05
1698519600033,3.55183e-05
1698523200390,3.75996e-05
1698526800082,4.33401e-05
1698530400053,4.12668e-05
1698534000147,4.06403e-05
1698537600098,4.90462e-05
1698541200270,3.30953e-05
1698544800035,1.54237e-05
1698548400274,1.52295e-05
1698552000166,1.53695e-05
1698555600314,2.00025e-05
1698559200403,2.30924e-05
1698562800278,2.30942e-05
1698566400071,2.62405e-05
1698570000067,1.52625e-05
1698573600153,2.19454e-05
1698577200297,2.16062e-05
1698580800055,2.40266e-05
1698584400054,3.13355e-05
1698588000042,4.71298e-05
1698591600219,5.70265e-05
1698595200382,9.11372e-05
1698598800050,4.27628e-05
1698602400442,5.64065e-05
1698606000015,4.78612e-05
1698609600330,3.19587e-05
1698613200021,2.89542e-05
1698616800004,2.26797e-05
1698620400116,3.41861e-05
1698624000010,3.40397e-05
1698627600405,1.67028e-05
1698631200246,1.86088e-05
1698634800291,1.87195e-05
1698638400063,1.57648e-05
1698642000227,2.573e-05
1698645600263,3.52958e-05
1698649200187,3.20527e-05
1698652800140,2.97799e-05
1698656400134,1.3556e-05
1698660000198,4.23961e-05
1698663600381,3.9509e-05
1698667200214,4.77322e-05
1698670800202,7.88212e-05
1698674400006,7.2831e-05
1698678000436,8.61372e-05
1698681600107,9.38315e-05
1698685200142,3.69008e-05
1698688800064,2.08849e-05
1698692400433,2.03611e-05
1698696000219,2.1059e-05
1698699600215,2.51261e-05
1698703200022,3.55211e-05
1698706800155,3.13739e-05
1698710400303,4.17002e-05
1698714000096,3.16889e-05
1698717600346,2.81145e-05
1698721200333,3.56662e-05
1698724800136,3.55582e-05
1698728400387,3.96639e-05
1698732000013,4.08329e-05
1698735600076,5.03536e-05
1698739200305,5.28505e-05
1698742800241,4.41433e-05
1698746400176,4.97602e-05
1698750000062,5.34646e-05
1698753600198,6.5602e-05
1698757200096,6.83889e-05
1698760800428,5.85059e-05
1698764400140,5.13511e-05
1698768000126,6.41745e-05
1698771600075,4.30083e-05
1698775200149,3.60663e-05
1698778800052,3.38093e-05
1698782400041,5.05874e-05
1698786000156,4.51547e-05
1698789600101,4.25449e-05
1698793200138,3.45823e-05
1698796800386,5.04879e-05
1698800400414,2.41169e-05
1698804000115,2.35202e-05
1698807600317,2.51058e-05
1698811200000,2.62112e-05
1698814800192,3.59689e-05
1698818400020,4.21322e-05
1698822000241,4.69202e-05
1698825600397,5.15666e-05
1698829200399,2.76013e-05
1698832800392,3.04144e-05
1698836400311,2.96465e-05
1698840000359,2.96307e-05
1698843600152,5.86615e-05
1698847200446,8.44588e-05
1698850800202,4.7745e-05
1698854400255,5.05738e-05
1698858000031,3.29032e-05
1698861600047,3.26562e-05
1698865200045,3.91083e-05
1698868800160,2.71102e-05
1698872400005,6.35218e-05
1698876000056,0.0001290625
1698879600242,0.0001010617
1698883200254,0.0001085207
1698886800293,4.54685e-05
1698890400019,3.56012e-05
1698894000266,2.44828e-05
1698897600069,1.25e-05
1698901200108,2.63915e-05
1698904800279,1.25e-05
1698908401904,1.25e-05
1698912000067,1.25e-05
1698915600092,1.25e-05
1698919200254,1.25e-05
1698922800173,1.47472e-05
1698926400282,3.06378e-05
1698930000345,3.93932e-05
1698933600031,4.56074e-05
1698937200221,3.10089e-05
1698940800327,2.751e-05
1698944400093,1.65701e-05
1698948000269,1.25e-05
1698951600010,1.25e-05
1698955200377,2.11045e-05
1698958800115,4.36908e-05
1698962400206,3.0926e-05
1698966000103,3.74194e-05
1698969600339,4.72596e-05
1698973200037,2.12351e-05
1698976800358,2.71046e-05
1698980400135,2.31295e-05
1698984000210,2.90697e-05
1698987600269,3.17242e-05
1698991200139,3.60622e-05
1698994800174,4.03332e-05
1698998400429,5.53045e-05
1699002000011,3.65256e-05
1699005600015,3.77857e-05
1699009200268,4.86618e-05
1699012800073,5.9649e-05
1699016400013,6.39524e-05
1699020000200,5.59167e-05
1699023600120,5.2469e-05
1699027200065,3.83046e-05
1699030800009,1.25e-05
1699034400130,1.25e-05
1699038000024,1.25e-05
1699041600359,1.25e-05
1699045200126,1.25e-05
1699048800221,1.25e-05
1699052400212,1.25e-05
1699056000321,1.25e-05
1699059600339,1.25e-05
1699063200196,1.25e-05
1699066800099,1.25e-05
1699070400415,1.25e-05
1699074000039,3.3728e-05
1699077600373,5.42556e-05
1699081200329,4.3222e-05
1699084800400,1.25e-05
1699088400049,1.25e-05
1699092000223,1.77429e-05
1699095600363,1.50536e-05
1699099200200,2.00734e-05
1699102800233,3.35068e-05
1699106400108,4.45962e-05
1699110000380,2.12157e-05
1699113600173,1.78578e-05
1699117200144,1.25e-05
1699120800153,1.25e-05
1699124400006,1.25e-05
1699128000330,1.25e-05
1699131600052,1.25e-05
1699135200052,2.56655e-05
1699138800115,8.88676e-05
1699142400034,6.66629e-05
1699146000132,2.17854e-05
1699149600420,2.55187e-05
1699153200275,5.26444e-05
1699156800450,5.93737e-05
1699160400334,7.5174e-05
1699164000118,6.65569e-05
1699167600176,7.47126e-05
1699171200080,7.15718e-05
1699174800121,4.18771e-05
1699178400071,4.67443e-05
1699182000055,4.70415e-05
1699185600237,5.15821e-05
1699189200018,5.73596e-05
1699192800157,6.17489e-05
1699196400375,5.44093e-05
1699200000231,7.3454e-05
1699203600381,3.82688e-05
1699207200395,2.93752e-05
1699210800058,3.35811e-05
1699214400343,3.71218e-05
1699218000004,4.0859e-05
1699221600245,3.57678e-05
1699225200161,6.54117e-05
1699228800406,0.0001029269
1699232400039,4.7241e-05
1699236000185,4.12937e-05
1699239600060,3.29432e-05
1699243200032,3.61065e-05
1699246800217,2.84449e-05
1699250400344,1.52769e-05
1699254000426,3.32044e-05
1699257600263,4.96932e-05
1699261200020,2.30459e-05
1699264800215,3.40776e-05
1699268400292,4.04036e-05
1699272000115,2.24904e-05
1699275600024,2.78643e-05
1699279200067,2.2586e-05
1699282800131,3.54077e-05
1699286400135,2.86574e-05
1699290000027,1.25e-05
1699293600107,1.25e-05
1699297200012,1.25e-05
1699300800334,1.47089e-05
1699304400188,3.81101e-05
1699308000029,3.04593e-05
1699311600088,1.99663e-05
1699315200130,1.75468e-05
1699318800265,1.25e-05
1699322400144,1.25e-05
1699326000118,1.68053e-05
1699329600293,2.04986e-05
1699333200424,3.40282e-05
1699336800109,3.6067e-05
1699340400123,3.38657e-05
1699344000052,3.62269e-05
1699347600073,1.25e-05
1699351200039,1.25e-05
1699354800307,1.25e-05
1699358400070,1.25e-05
1699362000425,1.25e-05
1699365600065,1.25e-05
1699369200243,1.25e-05
1699372800283,1.25e-05
1699376400370,1.25e-05
1699380000061,1.25e-05
1699383600025,1.62958e-05
1699387200001,1.92998e-05
1699390800074,2.8457e-05
1699394400245,3.2508e-05
1699398000353,3.85633e-05
1699401600186,4.49532e-05
1699405200278,3.27683e-05
1699408800054,2.83748e-05
1699412400346,3.16048e-05
1699416000144,3.91731e-05
1699419600298,5.89022e-05
1699423200359,8.38789e-05
1699426800248,8.89829e-05
1699430400112,0.0001027433
1699434000119,4.62207e-05
1699437600047,4.30045e-05
1699441200143,4.82953e-05
1699444800134,5.38244e-05
1699448400147,4.50374e-05
1699452000313,4.21341e-05
1699455600122,5.18044e-05
1699459200034,6.6668e-05
1699462800326,4.24215e-05
1699466400331,3.07571e-05
1699470000302,5.82566e-05
1699473600026,9.61059e-05
1699477200146,9.46995e-05
1699480800082,0.0001170391
1699484400188,0.0001994576
1699488000116,0.0001916207
1699491600142,0.0001014617
1699495200035,0.0001126596
1699498800113,2.68985e-05
1699502400138,1.25e-05
1699506000432,2.97817e-05
1699509600345,3.38011e-05
1699513200265,1.56839e-05
1699516800038,4.23459e-05
1699520400072,2.52763e-05
1699524000362,1.25e-05
1699527600210,1.25e-05
1699531200172,1.25e-05
1699534800169,4.35619e-05
1699538400141,5.24042e-05
1699542000315,0.0001168326
1699545600393,0.000150392
1699549200058,7.32442e-05
1699552800093,5.93381e-05
1699556400292,6.3613e-05
1699560000007,6.50585e-05
1699563600043,9.63299e-05
1699567200312,9.50803e-05
1699570800293,9.63805e-05
1699574400155,0.0001007037
1699578000027,4.1554e-05
1699581600041,4.7466e-05
1699585200440,5.18048e-05
1699588800298,5.46319e-05
1699592400039,7.22321e-05
1699596000266,8.97915e-05
1699599600183,5.98323e-05
1699603200450,5.56783e-05
1699606800103,4.41119e-05
1699610400007,3.80605e-05
1699614000021,3.40525e-05
1699617600077,2.76461e-05
1699621200269,3.71691e-05
1699624800378,3.90298e-05
1699628400027,4.51639e-05
1699632000041,2.95515e-05
1699635600042,2.99275e-05
1699639200119,4.70421e-05
1699642800012,4.72766e-05
1699646400324,5.2079e-05
1699650000079,7.30285e-05
1699653600266,7.42979e-05
1699657200096,8.64887e-05
1699660800003,0.0001025402
1699664400083,5.05813e-05
1699668000110,6.00304e-05
1699671600194,5.64122e-05
1699675200270,5.67741e-05
1699678800028,7.05741e-05
1699682400080,0.0001034586
1699686000427,0.0001131633
1699689600228,0.0001324165
1699693200116,6.6578e-05
1699696800067,7.69394e-05
1699700400337,8.26074e-05
1699704000217,9.8633e-05
1699707600179,0.0001022004
1699711200274,6.5556e-05
1699714800188,9.30595e-05
1699718400004,0.0001250658
1699722000069,6.27483e-05
1699725600169,6.09149e-05
1699729200029,5.97433e-05
1699732800426,5.9752e-05
1699736400228,5.56562e-05
1699740000381,8.79159e-05
1699743600093,8.56008e-05
1699747200053,0.0001015945
1699750800041,5.75674e-05
1699754400112,5.83621e-05
1699758000027,6.17571e-05
1699761600374,6.35797e-05
1699765200378,6.40909e-05
1699768800049,7.26403e-05
1699772400386,8.01517e-05
1699776000410,0.0001237009
1699779600213,7.37326e-05
1699783200158,8.27337e-05
1699786800267,9.29955e-05
1699790400237,0.0001152399
1699794000142,0.0001193806
1699797600085,0.0001097735
1699801200107,4.57735e-05
1699804800271,4.92969e-05
1699808400217,2.44763e-05
1699812000142,2.31717e-05
1699815600285,3.55875e-05
1699819200319,3.38591e-05
1699822800439,3.50211e-05
1699826400430,3.89898e-05
1699830000166,4.06308e-05
1699833600078,3.01084e-05
1699837200129,1.33448e-05
1699840800001,2.76113e-05
1699844400007,4.43136e-05
1699848000056,3.84767e-05
1699851600014,3.52344e-05
1699855200197,3.75546e-05
1699858800108,4.65515e-05
1699862400058,7.47299e-05
1699866000040,4.70162e-05
1699869600100,2.74247e-05
1699873200180,3.44199e-05
1699876800255,2.91379e-05
1699880400021,5.16259e-05
1699884000176,8.3527e-05
1699887600256,8.58848e-05
1699891200194,6.47761e-05
1699894800363,4.48879e-05
1699898400437,3.55548e-05
1699902000116,2.32188e-05
1699905600167,2.65751e-05
1699909200434,2.17949e-05
1699912800317,1.25e-05
1699916400191,1.25e-05
1699920000307,1.25e-05
1699923600071,1.25e-05
1699927200001,1.25e-05
1699930800341,1.25e-05
1699934400431,1.25e-05
1699938000172,1.25e-05
1699941600083,1.25e-05
1699945200038,1.25e-05
1699948800145,1.25e-05
1699952400267,1.25e-05
1699956000195,3.60938e-05
1699959600133,3.95657e-05
1699963200008,4.4654e-05
1699966800087,4.36676e-05
1699970400152,4.74156e-05
1699974000039,3.88793e-05
1699977600028,4.50184e-05
1699981200200,3.0124e-05
1699984800100,2.9365e-05
1699988400305,1.25e-05
1699992000437,3.683e-05
1699995600374,4.71127e-05
1699999200038,6.09644e-05
1700002800033,7.11168e-05
1700006400238,9.23582e-05
1700010000075,6.01001e-05
1700013600425,7.14857e-05
1700017200124,5.61998e-05
1700020800145,3.66081e-05
1700024400022,3.48073e-05
1700028000294,3.65144e-05
1700031600131,4.44491e-05
1700035200160,4.44098e-05
1700038800311,1.90639e-05
1700042400317,1.332e-05
1700046000022,1.50631e-05
1700049600366,2.39115e-05
1700053200087,2.0723e-05
1700056800107,1.46862e-05
1700060400141,1.25e-05
1700064000256,1.25e-05
1700067600156,1.25e-05
1700071200080,1.25e-05
1700074800135,3.63982e-05
1700078400412,4.4624e-05
1700082000115,3.0533e-05
1700085600031,2.51027e-05
1700089200100,4.30653e-05
1700092800118,4.59285e-05
1700096400083,2.60483e-05
1700100000099,1.25e-05
1700103600049,1.25e-05
1700107200394,1.27801e-05
1700110800154,1.25e-05
1700114400224,1.25e-05
1700118000278,1.25e-05
1700121600057,1.25e-05
1700125200136,1.25e-05
1700128800236,1.25e-05
1700132400034,1.25e-05
1700136000128,-9.1584e-06
1700139600339,6.0313e-06
1700143200352,1.25e-05
1700146800108,3.48804e-05
1700150400099,1.25e-05
1700154000431,1.25e-05
1700157600204,1.77263e-05
1700161200160,2.97041e-05
1700164800444,2.28371e-05
1700168400098,1.76801e-05
1700172000074,1.36077e-05
1700175600341,1.25e-05
1700179200324,4.49283e-05
1700182800233,1.25e-05
1700186400166,1.25e-05
1700190000169,1.25e-05
1700193600085,8.9363e-06
1700197200025,1.25e-05
1700200800286,1.25e-05
1700204400411,1.25e-05
1700208000312,1.25e-05
1700211600173,1.25e-05
1700215200215,1.25e-05
1700218800175,1.25e-05
1700222400329,1.25e-05
1700226000024,1.25e-05
1700229600026,1.25e-05
1700233200059,1.25e-05
1700236800047,1.25e-05
1700240400356,1.25e-05
1700244000394,1.27607e-05
1700247600081,1.29066e-05
1700251200136,2.39351e-05
1700254800002,1.25e-05
1700258400045,1.25e-05
1700262000077,1.25e-05
1700265600139,1.36533e-05
1700269200010,1.25e-05
1700272800366,1.25e-05
1700276400076,1.25e-05
1700280000086,1.25e-05
1700283600394,1.25e-05
1700287200068,1.25e-05
1700290800078,1.25e-05
1700294400122,1.25e-05
1700298000297,1.25e-05
1700301600084,1.25e-05
1700305200401,1.25e-05
1700308800241,1.25e-05
1700312400130,1.25e-05
1700316000423,1.25e-05
1700319600424,1.25e-05
1700323200150,1.25e-05
1700326800076,1.25e-05
1700330400014,1.25e-05
1700334000012,1.25e-05
1700337600171,1.25e-05
1700341200009,1.25e-05
1700344800094,1.25e-05
1700348400042,1.25e-05
1700352000274,1.25e-05
1700355600006,1.25e-05
1700359200129,1.25e-05
1700362800383,1.25e-05
1700366400103,1.25e-05
1700370000015,1.25e-05
1700373600129,1.25e-05
1700377200014,1.25e-05
1700380800162,1.25e-05
1700384400009,1.25e-05
1700388000328,1.25e-05
1700391600291,1.25e-05
1700395200069,1.25e-05
1700398800019,1.25e-05
1700402400297,1.25e-05
1700406000022,1.25e-05
1700409600289,1.37297e-05
1700413200077,1.25e-05
1700416800359,1.25e-05
1700420400269,1.25e-05
1700424000061,1.25e-05
1700427600229,1.25e-05
1700431200409,1.25e-05
1700434800069,1.25e-05
1700438400148,2.28281e-05
1700442000346,1.25e-05
1700445600434,1.25e-05
1700449200145,1.25e-05
1700452800354,1.25e-05
1700456400030,1.25e-05
1700460000230,1.25e-05
1700463600064,1.25e-05
1700467200174,1.25e-05
1700470800295,1.25e-05
1700474400380,1.25e-05
1700478000022,1.25e-05
1700481600113,1.25e-05
1700485200068,1.25e-05
1700488800049,1.25e-05
1700492400039,1.25e-05
1700496000077,1.25e-05
1700499600420,1.25e-05
1700503200271,1.25e-05
1700506800335,1.25e-05
1700510400299,1.83002e-05
1700514000209,2.13467e-05
1700517600356,3.21102e-05
1700521200259,3.07531e-05
1700524800259,2.38312e-05
1700528400002,1.25e-05
1700532000299,1.25e-05
1700535600435,1.25e-05
1700539200263,1.90043e-05
1700542800406,2.25373e-05
1700546400319,3.05111e-05
1700550000349,2.62524e-05
1700553600245,1.84615e-05
1700557200018,1.25e-05
1700560800096,1.25e-05
1700564400266,1.25e-05
1700568000103,1.25e-05
1700571600119,1.25e-05
1700575200132,1.25e-05
1700578800354,1.25e-05
1700582400274,1.25e-05
1700586000391,1.25e-05
1700589600011,1.25e-05
1700593200210,1.25e-05
1700596800234,-2.567e-07
1700600400032,1.25e-05
1700604000281,1.25e-05
1700607600384,1.25e-05
1700611200158,1.25e-05
1700614800065,1.25e-05
1700618400109,1.25e-05
1700622000065,1.25e-05
1700625600096,1.25e-05
1700629200132,1.25e-05
1700632800433,1.25e-05
1700636400125,1.25e-05
1700640000140,1.25e-05
1700643600167,1.25e-05
1700647200156,1.25e-05
1700650800013,1.25e-05
1700654400024,1.25e-05
1700658000060,1.25e-05
1700661600233,1.25e-05
1700665200016,1.25e-05
1700668800000,1.25e-05
1700672400016,1.25e-05
1700676000059,1.25e-05
1700679600385,1.25e-05
1700683200403,1.25e-05
1700686800176,1.25e-05
1700690400313,1.25e-05
1700694000374,3.54455e-05
1700697600163,1.25e-05
1700701200099,1.25e-05
1700704800107,1.25e-05
1700708400260,1.25e-05
1700712000083,1.25e-05
1700715600090,1.25e-05
1700719200361,1.25e-05
1700722800051,1.25e-05
1700726400019,1.25e-05
1700730000028,1.25e-05
1700733600095,1.25e-05
1700737200264,1.25e-05
1700740800038,1.25e-05
1700744400200,1.25e-05
1700748000249,1.25e-05
1700751600298,1.25e-05
1700755200119,1.25e-05
1700758800010,1.09672e-05
1700762400098,1.129e-05
1700766000030,6.7994e-06
1700769600183,1.0447e-06
1700773200028,-2.875e-06
1700776800282,1.25e-05
1700780400095,1.25e-05
1700784000135,1.25e-05
1700787600226,1.25e-05
1700791200028,1.25e-05
1700794800028,1.25e-05
1700798400082,1.25e-05
1700802000386,1.25e-05
1700805600386,1.25e-05
1700809200301,1.25e-05
1700812800066,1.25e-05
1700816400098,1.25e-05
1700820000321,1.25e-05
1700823600155,1.25e-05
1700827200028,1.59452e-05
1700830800057,1.25e-05
1700834400136,1.25e-05
1700838000247,2.27405e-05
1700841600349,2.41499e-05
1700845200237,1.25e-05
1700848800109,1.25e-05
1700852400137,1.25e-05
1700856000192,1.25e-05
1700859600071,1.25e-05
1700863200146,1.25e-05
1700866800044,1.25e-05
1700870400170,1.25e-05
1700874000200,1.25e-05
1700877600331,1.25e-05
1700881200042,1.41264e-05
1700884800074,1.25e-05
1700888400062,1.25e-05
1700892000030,1.56286e-05
1700895600144,2.56836e-05
1700899200036,2.46356e-05
1700902800338,1.25e-05
1700906400354,1.25e-05
1700910000012,1.25e-05
1700913600014,1.25e-05
1700917200083,1.25e-05
1700920800203,1.25e-05
1700924400033,1.25e-05
1700928000007,1.90291e-05
1700931600070,1.25e-05
1700935200198,1.25e-05
1700938800111,1.25e-05
1700942400043,1.25e-05
1700946000275,1.25e-05
1700949600047,1.25e-05
1700953200319,1.25e-05
1700956800296,1.25e-05
1700960400195,1.25e-05
1700964000115,1.25e-05
1700967600287,1.25e-05
1700971200092,1.26404e-05
1700974800291,1.94363e-05
1700978400106,2.95282e-05
1700982000343,3.31671e-05
1700985600022,3.94282e-05
1700989200235,1.64349e-05
1700992800038,1.25e-05
1700996400021,1.25e-05
1701000000026,1.25e-05
1701003600158,1.25e-05
1701007200335,1.25e-05
1701010800022,1.25e-05
1701014400121,1.25e-05
1701018000006,1.25e-05
1701021600237,1.25e-05
1701025200318,1.25e-05
1701028800241,1.25e-05
1701032400011,1.25e-05
1701036000149,1.25e-05
1701039600073,1.25e-05
1701043200099,1.25e-05
1701046800123,1.25e-05
1701050400031,1.25e-05
1701054000325,1.25e-05
1701057600311,7.4414e-06
1701061200258,3.4084e-06
1701064800115,6.6216e-06
1701068400041,1.25e-05
1701072000071,1.25e-05
1701075600071,1.25e-05
1701079200337,1.25e-05
1701082800032,1.25e-05
1701086400357,1.25e-05
1701090000257,1.25e-05
1701093600092,1.25e-05
1701097200093,2.5605e-05
1701100800217,2.83201e-05
1701104400355,1.99851e-05
1701108000149,2.12983e-05
1701111600112,1.77395e-05
1701115200146,1.9272e-05
1701118800163,1.25e-05
1701122400342,1.25e-05
1701126000080,1.25e-05
1701129600272,1.25e-05
1701133200434,1.25e-05
1701136800071,1.25e-05
1701140400049,1.25e-05
1701144000446,1.25e-05
1701147600057,1.25e-05
1701151200268,1.09069e-05
1701154800074,-4.3329e-06
1701158400050,-3.238e-06
1701162000023,1.20168e-05
1701165600007,1.25e-05
1701169200016,1.25e-05
1701172800142,1.25e-05
1701176400166,1.25e-05
1701180000019,1.25e-05
1701183600314,1.25e-05
1701187200139,1.25e-05
1701190800265,1.25e-05
1701194400003,1.25e-05
1701198000142,1.25e-05
1701201600075,4.5652e-06
1701205200032,1.25e-05
1701208800036,1.25e-05
1701212400018,1.25e-05
1701216000363,1.25e-05
1701219600053,1.25e-05
1701223200350,1.25e-05
1701226800109,1.25e-05
1701230400351,1.25e-05
1701234000175,2.09439e-05
1701237600054,2.13139e-05
1701241200025,2.6632e-05
1701244800068,3.29976e-05
1701248400410,2.19934e-05
1701252000019,1.76217e-05
1701255600241,1.25968e-05
1701259200018,1.25e-05
1701262800018,1.25e-05
1701266400027,1.25e-05
1701270000173,1.25e-05
1701273600171,1.25e-05
1701277200293,1.25e-05
1701280800192,1.25e-05
1701284400176,1.25e-05
1701288000039,1.25e-05
1701291600068,1.25e-05
1701295200122,1.25e-05
1701298800288,1.25e-05
1701302400175,1.25e-05
1701306000057,1.25e-05
1701309600096,1.25e-05
1701313200010,1.25e-05
1701316800073,1.25e-05
1701320400282,1.25e-05
1701324000122,1.25e-05
1701327600142,1.25e-05
1701331200081,1.25e-05
1701334800446,1.25e-05
1701338400006,1.25e-05
1701342000181,1.25e-05
1701345600231,1.25e-05
1701349200233,1.25704e-05
1701352800128,1.26892e-05
1701356400088,1.25e-05
1701360000077,1.25e-05
1701363600036,1.25e-05
1701367200383,1.25e-05
1701370800053,1.25e-05
1701374400003,2.82527e-05
1701378000403,4.02238e-05
1701381600384,1.90057e-05
1701385200325,1.45367e-05
1701388800034,2.51025e-05
1701392400419,1.25e-05
1701396000058,1.25e-05
1701399600281,1.25e-05
1701403200395,1.25e-05
1701406800063,2.29543e-05
1701410400122,3.0524e-05
1701414000251,2.45644e-05
1701417600100,3.37356e-05
1701421200064,1.46281e-05
1701424800064,3.21987e-05
1701428400012,1.69439e-05
1701432000148,2.27375e-05
1701435600311,1.25e-05
1701439200022,1.25e-05
1701442800255,1.25e-05
1701446400304,1.25e-05
1701450000309,1.25e-05
1701453600162,2.35168e-05
1701457200080,2.42454e-05
1701460800405,2.92086e-05
1701464400413,3.43891e-05
1701468000325,3.73402e-05
1701471600181,1.25e-05
1701475200058,1.53928e-05
1701478800137,1.25e-05
1701482400315,1.25e-05
1701486000138,1.25e-05
1701489600097,1.25e-05
1701493200134,2.45912e-05
1701496800007,4.65424e-05
1701500400154,5.05719e-05
1701504000101,6.82839e-05
1701507600067,3.49489e-05
1701511200185,4.26576e-05
1701514800354,4.85723e-05
1701518400190,5.24618e-05
1701522000079,6.23023e-05
1701525600226,6.24098e-05
1701529200159,6.25489e-05
1701532800252,5.90093e-05
1701536400247,3.60507e-05
1701540000400,3.48971e-05
1701543600112,4.37749e-05
1701547200071,6.22358e-05
1701550800397,3.21609e-05
1701554400103,1.99752e-05
1701558000185,2.32119e-05
1701561600118,3.43872e-05
1701565200070,1.25e-05
1701568800064,1.68452e-05
1701572400353,1.6612e-05
1701576000049,3.76666e-05
1701579600088,4.89804e-05
1701583200047,7.73369e-05
1701586800089,9.17486e-05
1701590400015,0.0001129468
1701594000417,5.51793e-05
1701597600363,3.31131e-05
1701601200144,4.55936e-05
1701604800236,3.78604e-05
1701608400375,3.70018e-05
1701612000204,4.2047e-05
1701615600115,4.83824e-05
1701619200040,4.66458e-05
1701622800369,3.67242e-05
1701626400024,3.23383e-05
1701630000336,3.53267e-05
1701633600187,2.93221e-05
1701637225453,1.25e-05
1701640800147,1.25e-05
1701644400068,9.18521e-05
1701648000406,5.83717e-05
1701651600349,5.0673e-05
1701655200370,8.687e-05
1701658800026,8.91908e-05
1701662400371,7.12512e-05
1701666000053,8.70155e-05
1701669600206,0.0001364294
1701673200439,0.0001749342
1701676800062,0.0001741484
1701680400072,9.77202e-05
1701684000126,7.26001e-05
1701687600145,7.13674e-05
1701691200109,5.45297e-05
1701694800135,2.83352e-05
1701698400242,1.44909e-05
1701702000123,3.6406e-05
1701705600328,1.33256e-05
1701709200292,2.27632e-05
1701712800237,1.25e-05
1701716400112,3.13327e-05
1701720000019,3.8127e-05
1701723600308,3.46717e-05
1701727200065,5.02591e-05
1701730800216,4.81449e-05
1701734400097,2.14882e-05
1701738000011,1.25e-05
1701741600294,1.25e-05
1701745200312,1.95324e-05
1701748800186,1.7889e-05
1701752400047,1.8394e-05
1701756000087,2.23375e-05
1701759600050,3.2376e-05
1701763200130,2.71466e-05
1701766800098,1.95997e-05
1701770400440,1.25e-05
1701774000315,2.08939e-05
1701777600403,2.42429e-05
1701781200026,4.45431e-05
1701784800278,5.14603e-05
1701788400177,5.33115e-05
1701792000004,6.19032e-05
1701795600166,3.70671e-05
1701799200050,4.37543e-05
1701802800129,1.26082e-05
1701806400334,1.25e-05
1701810000434,1.25e-05
1701813600344,1.25e-05
1701817200069,-9.98169e-05
1701820800090,-0.0001655753
1701824400182,-3.18548e-05
1701828000301,-3.12151e-05
1701831600079,-1.1421e-05
1701835200375,1.25e-05
1701838800219,1.25e-05
1701842400332,1.25e-05
1701846000058,1.25e-05
1701849600007,-1.6305e-05
1701853200074,-8.7151e-06
1701856800034,-4.8612e-06
1701860400236,-2.50619e-05
1701864000117,-5.78058e-05
1701867600039,-2.0377e-06
1701871200224,3.5285e-06
1701874800418,1.13903e-05
1701878400158,1.13826e-05
1701882000251,1.25e-05
1701885600300,1.25e-05
1701889200092,1.25e-05
1701892800056,1.25e-05
1701896400386,1.25e-05
1701900000322,1.25e-05
1701903600060,1.25e-05
1701907200135,1.25e-05
1701910800351,1.25e-05
1701914400134,1.25e-05
1701918000117,1.25e-05
1701921600150,1.25e-05
1701925200153,1.25e-05
1701928800056,1.97237e-05
1701932400248,1.25e-05
1701936000009,1.25e-05
1701939600045,1.25e-05
1701943200344,1.25e-05
1701946800053,2.12953e-05
1701950400085,3.03691e-05
1701954000354,4.1076e-05
1701957600420,4.04564e-05
1701961200317,4.19005e-05
1701964800020,4.58307e-05
1701968400024,1.25e-05
1701972000105,1.25e-05
1701975600068,1.25e-05
1701979200044,1.25e-05
1701982800242,1.25e-05
1701986400028,1.25e-05
1701990000397,1.25e-05
1701993600017,1.25e-05
1701997200008,1.25e-05
1702000800369,1.25e-05
1702004400072,1.25e-05
1702008000023,1.25e-05
1702011600041,2.52258e-05
1702015200327,1.25e-05
1702018800025,1.25e-05
1702022400009,1.37604e-05
1702026000078,1.25e-05
1702029600101,1.59303e-05
1702033200329,1.37401e-05
1702036800391,9.00321e-05
1702040400237,7.72437e-05
1702044000137,7.129e-05
1702047600012,9.1711e-05
1702051200201,9.56785e-05
1702054800184,2.93701e-05
1702058400231,2.5123e-05
1702062000279,3.40936e-05
1702065600034,1.71039e-05
1702069200296,4.22676e-05
1702072800152,0.00010468
1702076400148,0.0001319161
1702080000171,0.0001017393
1702083600446,2.9485e-05
1702087200223,2.89656e-05
1702090800416,3.23191e-05
1702094400122,4.37564e-05
1702098000094,6.30796e-05
1702101600229,7.42698e-05
1702105200009,9.26023e-05
1702108800046,9.47853e-05
1702112400118,2.13811e-05
1702116000316,1.25e-05
1702119600061,1.25e-05
1702123200037,1.25e-05
1702126800068,1.25e-05
1702130400338,1.25e-05
1702134000354,1.25e-05
1702137600078,1.25e-05
1702141200026,2.74026e-05
1702144800158,1.25e-05
1702148400180,1.25e-05
1702152000068,1.25e-05
1702155600054,1.25e-05
1702159200362,4.39772e-05
1702162800364,5.33471e-05
1702166400058,1.25e-05
1702170000309,1.25e-05
1702173600085,1.25e-05
1702177200145,1.25e-05
1702180800288,1.25e-05
1702184400042,1.25e-05
1702188000056,1.25e-05
1702191600152,1.25e-05
1702195200360,1.25e-05
1702198800048,4.82996e-05
1702202400095,1.25e-05
1702206000028,1.25e-05
1702209600145,2.60556e-05
1702213200106,1.55293e-05
1702216800067,1.25e-05
1702220400409,2.84386e-05
1702224000377,6.02039e-05
1702227600019,1.56244e-05
1702231200251,1.25e-05
1702234800259,2.07279e-05
1702238400064,4.2476e-05
1702242000411,5.72106e-05
1702245600187,7.13901e-05
1702249200138,5.67372e-05
1702252800304,4.96206e-05
1702256400376,2.48244e-05
1702260000003,2.41892e-05
1702263600169,0.0001188407
1702267200117,5.80247e-05
1702270800170,7.10058e-05
1702274400374,8.0465e-05
1702278000080,0.0001098245
1702281600046,8.77824e-05
1702285200238,7.13268e-05
1702288800181,7.73836e-05
1702292400331,8.56503e-05
1702296000220,0.0001020282
1702299600115,0.0001005044
1702303200402,9.30102e-05
1702306800385,0.0001509045
1702310400301,0.000168021
1702314000018,0.0001058794
1702317600124,0.0001120408
1702321200421,7.74351e-05
1702324800002,5.66395e-05
1702328400396,7.7539e-05
1702332000450,0.0001387592
1702335600441,0.0001092655
1702339200383,4.21215e-05
1702342800117,6.99665e-05
1702346400381,7.79591e-05
1702350000060,9.71124e-05
1702353600143,0.0001002655
1702357200039,8.59383e-05
1702360800040,6.35763e-05
1702364400022,6.37384e-05
1702368000217,4.07297e-05
1702371600021,1.25e-05
1702375200042,1.25e-05
1702378800104,1.35571e-05
1702382400373,2.57355e-05
1702386000152,4.26493e-05
1702389600230,4.10386e-05
1702393200264,4.44345e-05
1702396800310,4.16694e-05
1702400400039,4.86795e-05
1702404000453,6.15136e-05
1702407600063,4.03152e-05
1702411200272,6.84852e-05
1702414800021,7.82111e-05
1702418400251,7.69589e-05
1702422000382,8.3533e-05
1702425600056,0.0001012803
1702429200246,5.71145e-05
1702432800416,7.03828e-05
1702436400075,8.14164e-05
1702440000366,6.38715e-05
1702443600025,5.98964e-05
1702447200022,4.13569e-05
1702450800252,1.30137e-05
1702454400000,5.40254e-05
1702458000041,1.84412e-05
1702461600058,2.13829e-05
1702465200094,3.13649e-05
1702468800416,3.18202e-05
1702472400096,3.93685e-05
1702476000077,5.38329e-05
1702479600223,7.1012e-05
1702483200284,2.81806e-05
1702486800107,1.25e-05
1702490400408,1.25e-05
1702494000082,1.25e-05
1702497600359,1.25e-05
1702501200408,1.25e-05
1702504800099,2.48259e-05
1702508400269,2.6347e-05
1702512000434,1.25e-05
1702515600029,1.25e-05
1702519200430,1.25e-05
1702522800062,1.25e-05
1702526400005,1.25e-05
1702530000326,1.25e-05
1702533600091,1.25e-05
1702537200284,1.25e-05
1702540800273,1.25e-05
1702544400142,1.25e-05
1702548000036,1.25e-05
1702551600057,1.25e-05
1702555200310,1.25e-05
1702558800041,1.25e-05
1702562400270,1.25e-05
1702566000030,1.25e-05
1702569600145,1.25e-05
1702573200252,1.25e-05
1702576800014,1.25e-05
1702580400244,1.76633e-05
1702584000048,1.63928e-05
1702587600370,1.87387e-05
1702591200139,1.25e-05
1702594800303,1.25e-05
1702598400143,3.11704e-05
1702602000014,2.98074e-05
1702605600090,3.75456e-05
1702609200116,4.59744e-05
1702612800092,1.25e-05
1702616400074,1.25e-05
1702620000094,1.61174e-05
1702623600126,4.18765e-05
1702627200345,3.06814e-05
1702630800034,1.25e-05
1702634400056,2.67047e-05
1702638000369,3.09134e-05
1702641600082,4.395e-05
1702645200022,5.06871e-05
1702648800134,2.02688e-05
1702652400060,1.25e-05
1702656000176,2.68977e-05
1702659600441,1.90935e-05
1702663200342,1.25e-05
1702666800292,1.27378e-05
1702670400076,1.25e-05
1702674000444,1.25e-05
1702677600172,1.25e-05
1702681200208,1.25e-05
1702684800351,1.25e-05
1702688400091,1.25e-05
1702692000047,1.25e-05
1702695600186,1.25e-05
1702699200209,1.25e-05
1702702800242,1.3566e-05
1702706400071,1.25e-05
1702710000159,1.25e-05
1702713600399,1.25e-05
1702717200134,1.25e-05
1702720800066,1.25e-05
1702724400062,1.25e-05
1702728000079,1.25e-05
1702731600072,1.25e-05
1702735200071,1.25e-05
1702738800112,1.25e-05
1702742400113,1.25e-05
1702746000101,1.25e-05
1702749600263,1.25e-05
1702753200014,1.25e-05
1702756800276,1.25e-05
1702760400273,1.25e-05
1702764000219,1.25e-05
1702767600232,1.25e-05
1702771200403,4.3636e-06
1702774800252,8.9454e-06
1702778400227,1.20297e-05
1702782000316,1.25e-05
1702785600028,1.25e-05
1702789200052,1.25e-05
1702792800101,1.25e-05
1702796400057,1.25e-05
1702800000015,1.25e-05
1702803600086,1.25e-05
1702807200175,1.25e-05
1702810800082,1.25e-05
1702814400069,1.25e-05
1702818000265,1.25e-05
1702821600049,1.25e-05
1702825200353,1.25e-05
1702828800200,1.25e-05
1702832400079,1.25e-05
1702836000226,1.25e-05
1702839600116,1.25e-05
1702843200228,1.25e-05
1702846800189,1.25e-05
1702850650610,1.25e-05
1702854000367,1.25e-05
1702857600063,1.25e-05
1702861200346,1.25e-05
1702864800076,1.25e-05
1702868400150,1.25e-05
1702872000211,1.25e-05
1702875600387,1.25e-05
1702879200070,1.25e-05
1702882800244,2.26091e-05
1702886400067,3.59196e-05
1702890000189,1.25e-05
1702893600330,1.25e-05
1702897200107,1.25e-05
1702900800186,1.25e-05
1702904400023,1.25e-05
1702908000021,1.25e-05
1702911600372,3.69732e-05
1702915200029,5.23067e-05
1702918800109,1.25e-05
1702922400159,1.25e-05
1702926000095,1.25e-05
1702929600100,1.25e-05
1702933200106,1.25e-05
1702936800352,1.4679e-05
1702940400059,5.29947e-05
1702944000073,5.36441e-05
1702947600145,4.08287e-05
1702951200321,4.73191e-05
1702954800410,7.20361e-05
1702958400167,7.333e-05
1702962000270,4.87625e-05
1702965600142,1.63647e-05
1702969200079,2.48793e-05
1702972800083,2.23792e-05
1702976400156,2.26134e-05
1702980000111,2.47356e-05
1702983600242,3.09064e-05
1702987200433,4.63754e-05
1702990800431,3.64222e-05
1702994400160,4.16783e-05
1702998000017,3.79941e-05
1703001600185,5.81969e-05
1703005200351,3.51877e-05
1703008800186,4.66706e-05
1703012400139,4.72816e-05
1703016000433,5.49693e-05
1703019600349,5.47436e-05
1703023200377,6.01574e-05
1703026800183,5.15406e-05
1703030400043,5.34773e-05
1703034000361,2.78072e-05
1703037600373,3.14339e-05
1703041200453,4.20137e-05
1703044800069,5.2119e-05
1703048400244,6.22521e-05
1703052000127,6.56158e-05
1703055600070,6.62763e-05
1703059200122,7.81762e-05
1703062800076,4.88557e-05
1703066400072,6.17644e-05
1703070000380,6.57804e-05
1703073600026,7.75002e-05
1703077200097,8.93085e-05
1703080800151,8.38029e-05
1703084400304,3.61334e-05
1703088000147,5.22859e-05
1703091600119,2.2624e-05
1703095200107,4.70824e-05
1703098800098,5.34369e-05
1703102400083,3.91827e-05
1703106000066,1.25e-05
1703109600127,2.21576e-05
1703113200181,4.96847e-05
1703116800102,5.73346e-05
1703120400101,3.55747e-05
1703124000066,4.49174e-05
1703127600124,5.70527e-05
1703131200134,8.53264e-05
1703134800285,9.63624e-05
1703138400390,0.0001006752
1703142000135,0.000116602
1703145600226,0.0001106496
1703149200402,6.5758e-05
1703152800445,7.12421e-05
1703156400052,7.23252e-05
1703160000037,8.6983e-05
1703163600435,7.64469e-05
1703167200066,6.83928e-05
1703170800005,6.52519e-05
1703174400088,7.49285e-05
1703178000033,3.44076e-05
1703181600422,5.45696e-05
1703185200282,6.71748e-05
1703188800193,7.89854e-05
1703192400118,8.36387e-05
1703196000355,0.0001186437
1703199600012,8.87698e-05
1703203200368,0.0001116215
1703206800039,7.86148e-05
1703210400237,7.75817e-05
1703214000009,7.78118e-05
1703217600326,5.78683e-05
1703221200167,7.93409e-05
1703224800377,0.0001056902
1703228400034,9.72758e-05
1703232000305,9.13788e-05
1703235600380,5.06301e-05
1703239200131,3.83783e-05
1703242800059,6.7491e-05
1703246400432,5.00366e-05
1703250000431,3.78455e-05
1703253600147,8.57352e-05
1703257200302,4.69094e-05
1703260800182,7.90126e-05
1703264400022,3.26068e-05
1703268000004,4.49901e-05
1703271600027,7.51272e-05
1703275200134,6.75284e-05
1703278800293,7.71842e-05
1703282400011,9.19311e-05
1703286000119,0.0001280635
1703289600172,0.0001236197
1703293200029,6.83853e-05
1703296800094,6.74675e-05
1703300400000,6.16974e-05
1703304000273,3.93056e-05
1703307600036,7.18443e-05
1703311200003,9.0036e-05
1703314800001,8.9467e-05
1703318400226,7.93343e-05
1703322000209,5.22977e-05
1703325600053,5.87608e-05
1703329200389,6.9652e-05
1703332800359,6.48168e-05
1703336400017,7.24762e-05
1703340000369,9.62885e-05
1703343600073,0.0001141211
1703347200002,0.000115938
1703350800157,6.54268e-05
1703354400092,5.89027e-05
1703358000294,6.05134e-05
1703361600144,6.55532e-05
1703365200201,4.67062e-05
1703368800053,4.91788e-05
1703372400039,4.0159e-05
1703376000096,5.96038e-05
1703379600219,3.94753e-05
1703383200189,4.0577e-05
1703386800010,4.92257e-05
1703390400357,5.50265e-05
1703394000051,7.787e-05
1703397600054,0.0001158049
1703401200145,0.0001607012
1703404800169,0.0001768696
1703408400209,0.0001006756
1703412000067,0.000107868
1703415600297,9.20729e-05
1703419200067,8.82214e-05
1703422800117,8.87548e-05
1703426400233,6.62167e-05
1703430000118,7.83749e-05
1703433600163,5.43286e-05
1703437200073,3.40273e-05
1703440800013,3.94819e-05
1703444400103,5.03988e-05
1703448000029,5.76311e-05
1703451600112,6.2295e-05
1703455200356,5.98312e-05
1703458800053,7.40407e-05
1703462400369,7.16373e-05
1703466000073,3.70603e-05
1703469600317,4.99084e-05
1703473200052,5.64776e-05
1703476800042,6.42731e-05
1703480400196,6.88884e-05
1703484000041,7.66875e-05
1703487600238,7.95035e-05
1703491200276,8.03609e-05
1703494800237,4.91528e-05
1703498400090,5.81078e-05
1703502000001,4.80629e-05
1703505600427,4.80359e-05
1703509200244,5.87353e-05
1703512800340,6.5417e-05
1703516400026,7.62892e-05
1703520000014,8.9704e-05
1703523600040,7.65135e-05
1703527200040,8.6342e-05
1703530800108,9.69593e-05
1703534400094,0.0001019774
1703538000325,7.44709e-05
1703541600000,0.0001117129
1703545200302,0.0001588864
1703548800006,0.0001883676
1703552400160,6.10701e-05
1703556000050,5.39976e-05
1703559600049,6.32509e-05
1703563200130,6.23139e-05
1703566800201,7.34532e-05
1703570400110,7.15832e-05
1703574000149,8.19091e-05
1703577600381,5.72992e-05
1703581200291,3.12149e-05
1703584800130,4.54582e-05
1703588400083,6.45743e-05
1703592000007,9.24276e-05
1703595600139,6.85125e-05
1703599200078,4.75427e-05
1703602800355,6.59862e-05
1703606400177,0.0001216378
1703610000027,8.15068e-05
1703613600014,0.0001024411
1703617200079,0.000114879
1703620800041,0.000125195
1703624400136,0.0001361779
1703628000091,7.05184e-05
1703631600014,0.0001204573
1703635200129,0.0001449172
1703638800160,8.76286e-05
1703642400446,9.01812e-05
1703646000175,8.81267e-05
1703649600006,9.38849e-05
1703653200425,7.74691e-05
1703656800213,0.0001003174
1703660400015,0.0001266093
1703664000202,0.000136408
1703667600152,8.81375e-05
1703671200184,7.9235e-05
1703674800333,8.66331e-05
1703678400241,0.0001240303
1703682000232,0.0001157766
1703685600067,0.0001200801
1703689200433,9.06908e-05
1703692800021,0.0001013147
1703696400433,4.24647e-05
1703700000145,6.47974e-05
1703703600062,8.52249e-05
1703707200135,8.70786e-05
1703710800376,3.7386e-05
1703714400356,1.25e-05
1703718000339,1.25e-05
1703721600258,1.25e-05
1703725200257,1.27516e-05
1703728800450,2.33552e-05
1703732400445,1.25e-05
1703736000217,1.25e-05
1703739600187,1.55541e-05
1703743200122,2.90141e-05
1703746800073,4.56754e-05
1703750400001,3.71427e-05
1703754000036,1.25e-05
1703757600106,1.25e-05
1703761200057,2.61056e-05
1703764800173,3.94843e-05
1703768400448,3.90631e-05
1703772000037,3.50817e-05
1703775600105,6.18577e-05
1703779200049,9.08404e-05
1703782800262,7.05246e-05
1703786400320,8.54633e-05
1703790000078,9.78596e-05
1703793600110,0.0001130338
1703797200048,0.0001125746
1703800800317,0.0001020792
1703804400244,8.2483e-05
1703808000032,9.1681e-05
1703811600010,4.47289e-05
1703815200149,6.44207e-05
1703818800014,8.99584e-05
1703822400361,0.0001008767
1703826000117,8.2179e-05
1703829600007,6.92244e-05
1703833200338,7.85733e-05
1703836800013,8.56236e-05
1703840400125,5.38218e-05
1703844000391,7.71175e-05
1703847600018,0.0001025979
1703851200367,0.0001523152
1703854800430,0.0001687254
1703858400259,0.0001724906
1703862000298,0.0001359546
1703865600382,0.0001345425
1703869200100,9.72321e-05
1703872800149,4.14093e-05
1703876400095,3.13388e-05
1703880000123,5.34264e-05
1703883600084,7.18423e-05
1703887200085,6.97748e-05
1703890800193,7.66539e-05
1703894400340,8.97495e-05
1703898000177,7.30887e-05
1703901600150,7.62894e-05
1703905200332,6.84449e-05
1703908800138,2.94002e-05
1703912400371,1.79144e-05
1703916000135,2.51247e-05
1703919600075,2.31074e-05
1703923200308,3.03136e-05
1703926800032,3.02248e-05
1703930400430,2.94185e-05
1703934000061,2.31673e-05
1703937600049,1.53921e-05
1703941200244,1.25e-05
1703944800113,1.25e-05
1703948400061,1.25e-05
1703952000217,2.9655e-05
1703955600091,1.25e-05
1703959200212,2.99138e-05
1703962800002,4.36039e-05
1703966400046,4.9626e-05
1703970000093,4.93204e-05
1703973600002,5.74537e-05
1703977200028,6.59804e-05
1703980800103,6.17981e-05
1703984400093,2.99437e-05
1703988000159,2.85518e-05
1703991600209,3.2155e-05
1703995200072,4.03484e-05
1703998800301,5.52235e-05
1704002400239,6.41855e-05
1704006000407,7.21167e-05
1704009600045,3.46314e-05
1704013200033,1.25e-05
1704016800073,1.36905e-05
1704020400155,1.41849e-05
1704024000405,1.94016e-05
1704027600070,1.25e-05
1704031200021,1.25e-05
1704034800040,2.59381e-05
1704038400379,3.66047e-05
1704042000039,2.0519e-05
1704045600018,2.02365e-05
1704049200437,2.14522e-05
1704052800001,5.56347e-05
1704056400202,5.50429e-05
1704060000075,7.51435e-05
1704063600138,7.44726e-05
1704067200151,6.17991e-05
1704070800006,4.00063e-05
1704074400173,4.33791e-05
1704078000037,5.01325e-05
1704081600362,5.02852e-05
1704085200368,5.74541e-05
1704088800130,6.15383e-05
1704092400410,6.82294e-05
1704096000029,7.86741e-05
1704099600110,4.39524e-05
1704103200355,5.465e-05
1704106800050,6.17813e-05
1704110400367,5.13592e-05
1704114000334,6.5474e-05
1704117600237,0.0001020285
1704121200090,0.0001170856
1704124800074,0.0001208635
1704128400419,6.07689e-05
1704132000049,7.60053e-05
1704135600146,8.84071e-05
1704139200056,9.67688e-05
1704142800051,0.0001085031
1704146400274,0.0001117335
1704150000281,0.0001126788
1704153600127,0.000116788
1704157200376,0.0001506149
1704160800068,0.0001875633
1704164400365,0.0001672121
1704168000005,0.0001555138
1704171600079,0.0001405183
1704175200305,0.0001553303
1704178800047,0.0001103552
1704182400032,0.0001085123
1704186000092,4.63007e-05
1704189600370,6.05821e-05
1704193200161,0.0001121537
1704196800114,0.0001379283
1704200400007,0.0001631998
1704204000033,0.0001511239
1704207600148,0.0001108483
1704211200025,8.3608e-05
1704214800369,5.01684e-05
1704218400142,4.14819e-05
1704222000294,1.89242e-05
1704225600130,1.25e-05
1704229200064,1.25e-05
1704232800274,1.25e-05
1704236400336,1.25e-05
1704240000058,2.20254e-05
1704243600198,2.54754e-05
1704247200337,6.66534e-05
1704250800298,8.00914e-05
1704254400081,9.02586e-05
1704258000148,5.90757e-05
1704261600105,5.54709e-05
1704265200401,4.61514e-05
1704268800203,0.0001324768
1704272400021,7.58877e-05
1704276000005,8.42096e-05
1704279600386,8.58123e-05
1704283200201,2.3947e-05
1704286800152,8.65128e-05
1704290400220,0.0001353993
1704294000065,0.00015267
1704297600215,0.0001462109
1704301200035,7.90037e-05
1704304800335,7.28127e-05
1704308400072,7.82119e-05
1704312000057,8.3202e-05
1704315600025,9.7914e-05
1704319200091,0.0001170387
1704322800162,9.71525e-05
1704326400325,5.82469e-05
1704330000286,1.95771e-05
1704333600393,1.7114e-05
1704337200365,6.85524e-05
1704340800108,9.97446e-05
1704344400417,8.60658e-05
1704348000003,7.62619e-05
1704351600119,8.14292e-05
1704355200125,7.12119e-05
1704358800400,3.6647e-05
1704362400001,5.84109e-05
1704366000308,3.89649e-05
1704369600080,4.64977e-05
1704373200377,5.5692e-05
1704376800434,8.15853e-05
1704380400387,0.000143404
1704384000187,0.0001609293
1704387600250,5.97134e-05
1704391200362,4.84112e-05
1704394800047,4.94868e-05
1704398400010,7.55134e-05
1704402000311,9.80157e-05
1704405600308,0.0001228116
1704409200158,0.0001416398
1704412800074,0.0001331951
1704416400204,5.66577e-05
1704420000049,8.1444e-05
1704423600228,8.65959e-05
1704427200062,0.0001003394
1704430800073,0.000118539
1704434400137,0.0001177292
1704438000200,0.0001117048
1704441600061,2.81653e-05
1704445200187,1.25e-05
1704448800034,7.15609e-05
1704452400013,4.39356e-05
1704456000158,1.25e-05
1704459600064,1.25e-05
1704463200336,1.25e-05
1704466800188,1.25e-05
1704470400203,1.25e-05
1704474000113,1.25e-05
1704477600358,1.25e-05
1704481200266,1.25e-05
1704484800390,1.25e-05
1704488400154,1.27967e-05
1704492000142,1.32016e-05
1704495600377,2.94717e-05
1704499200082,4.6226e-05
1704502800334,2.47711e-05
1704506400104,2.80053e-05
1704510000249,2.69027e-05
1704513600030,1.96739e-05
1704517200187,2.15872e-05
1704520800249,1.43612e-05
1704524400025,1.26344e-05
1704528000388,4.87874e-05
1704531600122,1.25e-05
1704535200019,1.25e-05
1704538800041,1.25e-05
1704542400315,1.25e-05
1704546000096,1.25e-05
1704549600117,1.25e-05
1704553200138,2.57913e-05
1704556800238,3.66684e-05
1704560400417,1.73971e-05
1704564000019,2.84066e-05
1704567600117,3.90056e-05
1704571200359,3.97465e-05
1704574800086,2.91555e-05
1704578400401,2.79382e-05
1704582000253,4.3664e-05
1704585600173,5.00746e-05
1704589200037,1.60213e-05
1704592800146,2.05129e-05
1704596400010,2.79906e-05
1704600000129,3.20818e-05
1704603600072,2.71896e-05
1704607200019,3.29577e-05
1704610800288,3.84349e-05
1704614400344,4.58826e-05
1704618000050,2.15953e-05
1704621600109,2.60885e-05
1704625200391,2.83688e-05
1704628800014,3.97707e-05
1704632400175,5.07039e-05
1704636000009,7.8108e-05
1704639600356,7.59872e-05
1704643200288,7.62819e-05
1704646800170,3.18344e-05
1704650400094,3.74407e-05
1704654000008,5.03337e-05
1704657600073,6.14426e-05
1704661200219,7.47434e-05
1704664800357,7.89621e-05
1704668400145,7.66985e-05
1704672000001,9.047e-05
1704675600392,5.1339e-05
1704679200365,5.58902e-05
1704682800142,4.9604e-05
1704686400067,5.74145e-05
1704690000411,7.08521e-05
1704693600074,6.4743e-05
1704697200006,9.79697e-05
1704700800292,0.0001160298
1704704400083,6.31397e-05
1704708000353,5.83293e-05
1704711600372,8.67311e-05
1704715200026,0.0001095124
1704718800308,9.66168e-05
1704722400134,0.0001173925
1704726000147,0.0001047516
1704729600207,5.67422e-05
1704733200015,7.5062e-05
1704736800044,8.95236e-05
1704740400022,0.0001356721
1704744000165,0.0001017049
1704747600351,0.000104049
1704751200321,0.0001032299
1704754800320,0.0001330456
1704758400145,0.0001091107
1704762000430,3.7402e-05
1704765600339,1.25e-05
1704769200373,7.88658e-05
1704772800048,8.71257e-05
1704776400034,9.84205e-05
1704780000341,0.0001145239
1704783600251,0.0001580972
1704787200270,0.000172268
1704790800237,9.0131e-05
1704794400120,6.35289e-05
1704798000112,6.74616e-05
1704801600211,5.17593e-05
1704805200048,7.20478e-05
1704808800134,0.0001294971
1704812400106,0.0001555428
1704816000278,0.0001493904
1704819600282,8.13979e-05
1704823200234,8.70867e-05
1704826800245,9.47076e-05
1704830400270,9.75931e-05
1704834000207,7.08895e-05
1704837600101,2.57684e-05
1704841200142,3.88923e-05
1704844800439,8.86518e-05
1704848400108,5.20864e-05
1704852000055,7.63745e-05
1704855600156,8.23107e-05
1704859200011,9.45928e-05
1704862800142,5.26622e-05
1704866400228,6.05463e-05
1704870000327,0.000102097
1704873600195,0.0001039705
1704877200018,5.2047e-05
1704880800105,4.70888e-05
1704884400259,6.88596e-05
1704888000296,7.69809e-05
1704891600006,5.78589e-05
1704895200008,3.02383e-05
1704898800050,5.25477e-05
1704902400330,6.05649e-05
1704906000057,6.37076e-05
1704909600072,8.18956e-05
1704913200015,0.0001624553
1704916800114,0.0001857358
1704920400163,0.0002189027
1704924000130,0.0002105561
1704927600135,0.0001032753
1704931200079,7.73308e-05
1704934800126,2.70365e-05
1704938400444,3.71618e-05
1704942000370,4.59175e-05
1704945600375,2.43808e-05
1704949200445,4.8429e-05
1704952800015,2.25639e-05
1704956400093,1.59902e-05
1704960000065,7.87216e-05
1704963600093,5.19764e-05
1704967200181,5.27818e-05
1704970800031,6.37772e-05
1704974400401,9.84315e-05
1704978000146,0.0001316796
1704981600043,0.0001133731
1704985200380,0.0001699154
1704988800021,5.38187e-05
1704992400141,1.25e-05
1704996000355,4.75521e-05
1704999600175,2.02858e-05
1705003200393,1.84288e-05
1705006800036,2.68742e-05
1705010400265,1.25e-05
1705014000169,1.25e-05
1705017600117,1.25e-05
1705021200061,1.25e-05
1705024800080,1.25e-05
1705028400080,2.39614e-05
1705032000063,2.96081e-05
1705035600289,3.12414e-05
1705039200363,3.06849e-05
1705042800124,2.78644e-05
1705046400303,4.15277e-05
1705050000257,1.66715e-05
1705053600154,1.58565e-05
1705057200394,2.42204e-05
1705060800038,1.25e-05
1705064400164,1.77493e-05
1705068000229,1.75471e-05
1705071600237,3.80107e-05
1705075200304,2.27974e-05
1705078800344,1.25e-05
1705082400306,2.35109e-05
1705086000237,4.22361e-05
1705089600198,5.65708e-05
1705093200059,4.71524e-05
1705096800070,4.26501e-05
1705100400193,1.25e-05
1705104000120,1.25e-05
1705107600292,1.25e-05
1705111200180,1.25e-05
1705114800229,5.5175e-06
1705118400327,4.0039e-06
1705122000285,1.25e-05
1705125600196,1.25e-05
1705129200237,2.2232e-06
1705132800152,1.04633e-05
1705136400276,1.25e-05
1705140000104,1.25e-05
1705143600019,1.25e-05
1705147200030,1.25e-05
1705150800168,1.44326e-05
1705154400439,3.04461e-05
1705158000148,3.13255e-05
1705161600325,3.71158e-05
1705165200127,2.94622e-05
1705168800269,4.15236e-05
1705172400090,4.57284e-05
1705176000268,5.707e-05
1705179600230,3.82576e-05
1705183200145,1.79322e-05
1705186800144,4.15056e-05
1705190400301,8.98964e-05
1705194000374,4.24662e-05
1705197600098,5.36772e-05
1705201200090,5.22847e-05
1705204800165,5.00454e-05
1705208400017,1.50652e-05
1705212000376,2.04712e-05
1705215600163,1.68333e-05
1705219200192,1.25e-05
1705222800079,1.25e-05
1705226400224,1.25e-05
1705230000140,1.59599e-05
1705233600208,2.30941e-05
1705237200066,1.25e-05
1705240800238,1.25e-05
1705244400395,1.63585e-05
1705248000032,4.15492e-05
1705251600446,1.58681e-05
1705255200195,1.7873e-05
1705258800144,1.7533e-05
1705262400105,3.46124e-05
1705266000340,3.26104e-05
1705269600091,4.60809e-05
1705273200209,1.65192e-05
1705276800000,2.54946e-05
1705280400358,3.5788e-05
1705284000081,3.19548e-05
1705287600022,3.50363e-05
1705291200330,4.10407e-05
1705294800352,4.90011e-05
1705298400125,1.25e-05
1705302000181,1.25e-05
1705305600427,1.96469e-05
1705309200111,1.25e-05
1705312800017,1.25e-05
1705316400174,1.51175e-05
1705320000028,1.25e-05
1705323600366,1.25e-05
1705327200189,1.25e-05
1705330800017,1.25e-05
1705334400202,1.25e-05
1705338000344,1.25e-05
1705341600091,1.25e-05
1705345200410,1.25e-05
1705348800083,4.9499e-06
1705352400364,-7.7004e-06
1705356000011,-1.27699e-05
1705359600317,-2.16992e-05
1705363200090,1.25e-05
1705366800442,1.25e-05
1705370400218,1.25e-05
1705374000312,1.25e-05
1705377600322,1.25e-05
1705381200249,1.25e-05
1705384800179,2.3087e-06
1705388400315,1.14136e-05
1705392000030,-1.5416e-06
1705395600016,5.9099e-06
1705399200383,6.0138e-06
1705402800113,2.2326e-06
1705406400074,-3.2426e-06
1705410000351,1.25e-05
1705413600107,1.25e-05
1705417200358,-2.9848e-06
1705420800053,1.25e-05
1705424400021,1.25e-05
1705428000150,1.25e-05
1705431600275,1.25e-05
1705435200182,1.25e-05
1705438800356,1.25e-05
1705442400378,1.25e-05
1705446000079,1.25e-05
1705449600098,1.25e-05
1705453200203,1.25e-05
1705456800336,1.25e-05
1705460400226,1.25e-05
1705464000099,1.25e-05
1705467600442,1.25e-05
1705471200001,1.25e-05
1705474800259,1.25e-05
1705478400028,1.25e-05
1705482000329,1.25e-05
1705485600430,1.25e-05
1705489200217,1.25e-05
1705492800018,1.25e-05
1705496400358,1.25e-05
1705500000286,1.25e-05
1705503600009,1.25e-05
1705507200008,1.25e-05
1705510800105,1.25e-05
1705514400045,1.25e-05
1705518000034,2.43339e-05
1705521600226,1.25e-05
1705525200143,1.25e-05
1705528800277,2.166e-05
1705532400438,2.60746e-05
1705536000095,4.11218e-05
1705539600160,1.25e-05
1705543200057,1.25e-05
1705546800212,1.25e-05
1705550400116,2.04666e-05
1705554000357,2.74007e-05
1705557600409,2.54221e-05
1705561200200,3.77294e-05
1705564800182,2.46545e-05
1705568400050,1.25e-05
1705572000185,1.62123e-05
1705575600011,2.54522e-05
1705579200268,3.35979e-05
1705582800154,2.05729e-05
1705586400015,1.95043e-05
1705590000096,1.25e-05
1705593600154,1.25e-05
1705597200124,1.25e-05
1705600800098,3.77518e-05
1705604400413,3.97475e-05
1705608000103,1.25e-05
1705611600422,2.99696e-05
1705615200307,3.7372e-05
1705618800010,1.25e-05
1705622400051,1.95329e-05
1705626000188,1.25e-05
1705629600173,1.25e-05
1705633200141,1.25e-05
1705636800097,1.25e-05
1705640400052,1.25e-05
1705644000031,1.25e-05
1705647600193,1.25e-05
1705651200248,1.25e-05
1705654800367,1.25e-05
1705658400153,1.25e-05
1705662000220,1.25e-05
1705665600011,1.25e-05
1705669200060,1.25e-05
1705672800303,1.25e-05
1705676400113,1.25e-05
1705680000446,1.25e-05
1705683600284,1.25e-05
1705687200223,1.25e-05
1705690800365,1.25e-05
1705694400193,1.25e-05
1705698000202,1.25e-05
1705701600037,1.25e-05
1705705200076,1.25e-05
1705708800109,1.25e-05
1705712400380,1.25e-05
1705716000391,1.25e-05
1705719600211,1.25e-05
1705723200082,1.25e-05
1705726800393,1.25e-05
1705730400403,1.25e-05
1705734000076,1.25e-05
1705737600141,1.25e-05
1705741200397,1.25e-05
1705744800182,1.25e-05
1705748400056,1.25e-05
1705752000330,1.25e-05
1705755600212,1.25e-05
1705759200086,1.25e-05
1705762800040,1.25e-05
1705766400467,1.25e-05
1705770000316,1.25e-05
1705773600194,1.25e-05
1705777200102,1.25e-05
1705780800326,1.25e-05
1705784400391,1.25e-05
1705788000089,7.6495e-06
1705791600237,4.2198e-06
1705795200023,7.583e-07
1705798800362,1.15594e-05
1705802400372,1.17342e-05
1705806000334,1.05503e-05
1705809600239,1.25e-05
1705813200215,1.25e-05
1705816800077,1.25e-05
1705820400386,1.25e-05
1705824000435,1.25e-05
1705827600145,1.25e-05
1705831200451,1.25e-05
1705834800381,1.25e-05
1705838400058,1.25e-05
1705842000135,1.25e-05
1705845600001,1.25e-05
1705849200451,1.25e-05
1705852800245,1.25e-05
1705856400167,1.25e-05
1705860000066,1.25e-05
1705863600334,1.25e-05
1705867200313,1.25e-05
1705870800016,1.25e-05
1705874400065,1.25e-05
1705878000306,1.25e-05
1705881600256,1.25e-05
1705885200039,1.25e-05
1705888800276,1.25e-05
1705892400047,1.25e-05
1705896000065,1.25e-05
1705899600193,1.25e-05
1705903200226,5.9799e-06
1705906800351,-7.7499e-06
1705910400058,-1.24219e-05
1705914000407,-3.8556e-06
1705917600453,-9.8014e-06
1705921200199,-1.19913e-05
1705924800236,-2.22615e-05
1705928400047,1.25e-05
1705932000155,1.25e-05
1705935600059,1.25e-05
1705939200328,8.2488e-06
1705942800274,1.25e-05
1705946400427,1.25e-05
1705950000292,1.25e-05
1705953600147,1.25e-05
1705957200207,1.25e-05
1705960800262,1.25e-05
1705964400033,1.25e-05
1705968000059,1.25e-05
1705971600061,1.25e-05
1705975200385,1.25e-05
1705978800031,1.25e-05
1705982400305,1.25e-05
1705986000148,3.44234e-05
1705989600165,4.98197e-05
1705993200294,7.15858e-05
1705996800065,1.25e-05
1706000400342,1.25e-05
1706004000304,1.25e-05
1706007600337,1.25e-05
1706011200342,1.25e-05
1706014800038,1.25e-05
1706018400401,1.25e-05
1706022000218,1.25e-05
1706025600219,1.29154e-05
1706029200076,3.02314e-05
1706032800044,6.97316e-05
1706036400034,6.82469e-05
1706040000066,6.51457e-05
1706043600062,2.58538e-05
1706047200177,1.25e-05
1706050800332,1.25e-05
1706054400001,1.25e-05
1706058000360,1.25e-05
1706061600459,1.25e-05
1706065200363,1.25e-05
1706068800210,1.25e-05
1706072400250,1.25e-05
1706076000072,2.76335e-05
1706079600325,2.394e-05
1706083200018,1.64343e-05
1706086800221,1.25e-05
1706090400338,1.25e-05
1706094000428,1.25e-05
1706097600232,1.25e-05
1706101200410,1.25e-05
1706104800338,1.25e-05
1706108400021,7.15017e-05
1706112000035,9.33987e-05
1706115600321,4.86151e-05
1706119200249,4.11159e-05
1706122800410,5.42649e-05
1706126400300,6.23322e-05
1706130000353,5.7971e-05
1706133600037,5.55084e-05
1706137200007,5.12701e-05
1706140800272,5.11126e-05
1706144400150,2.94833e-05
1706148000115,1.69285e-05
1706151600235,1.25e-05
1706155200252,1.25e-05
1706158800080,1.25e-05
1706162400058,1.25e-05
1706166000065,1.25e-05
1706169600269,2.21801e-05
1706173200098,1.25e-05
1706176800271,1.25e-05
1706180400124,1.25e-05
1706184000020,1.25e-05
1706187600098,1.25e-05
1706191200341,1.25e-05
1706194800108,1.25e-05
1706198400290,1.25e-05
1706202000141,1.25e-05
1706205600354,1.25e-05
1706209200010,1.25e-05
1706212800288,1.25e-05
1706216400342,1.25e-05
1706220000431,1.25e-05
1706223600001,2.19232e-05
1706227200126,2.79038e-05
1706230800044,1.25e-05
1706234400134,1.25e-05
1706238000097,1.25e-05
1706241600365,1.25e-05
1706245200167,1.25e-05
1706248800203,1.25e-05
1706252400073,1.25e-05
1706256000025,1.25e-05
1706259600409,1.25e-05
1706263200156,1.25e-05
1706266800287,1.25e-05
1706270400050,1.25e-05
1706274000344,1.25e-05
1706277600140,1.25e-05
1706281200119,1.27296e-05
1706284800212,1.25e-05
1706288400424,1.916e-07
1706292000091,9.3757e-06
1706295600145,-2.7901e-06
1706299200053,-2.26765e-05
1706302800372,-1.40988e-05
1706306400445,-2.4816e-05
1706310000050,-1.34364e-05
1706313600124,-1.71197e-05
1706317200408,1.25e-05
1706320800184,1.25e-05
1706324400093,1.25e-05
1706328000340,1.25e-05
1706331600020,1.25e-05
1706335200048,1.25e-05
1706338800097,1.25e-05
1706342400385,-1.64065e-05
1706346000246,3.3252e-06
1706349600246,1.25e-05
1706353200168,1.25e-05
1706356800003,1.25e-05
1706360400382,1.25e-05
1706364000116,1.25e-05
1706367600015,1.25e-05
1706371200018,1.25e-05
1706374800062,1.25e-05
1706378400334,1.25e-05
1706382000290,1.25e-05
1706385600323,1.25e-05
1706389200226,1.25e-05
1706392800267,1.25e-05
1706396400035,-3.132e-06
1706400000009,-1.46886e-05
1706403600304,1.25e-05
1706407200360,1.25e-05
1706410800169,1.25e-05
1706414400046,1.25e-05
1706418000045,-7.4662e-06
1706421600167,-1.66977e-05
1706425200265,-2.18497e-05
1706428800225,-3.92578e-05
1706432400224,-9.2416e-06
1706436000014,-9.4388e-06
1706439600047,-1.20806e-05
1706443200352,-7.9394e-06
1706446800052,-1.0589e-05
1706450400263,-5.7257e-06
1706454000412,-1.66444e-05
1706457600234,1.03552e-05
1706461200084,1.00258e-05
1706464800107,3.6096e-06
1706468400059,1.18072e-05
1706472000333,1.25e-05
1706475600021,1.25e-05
1706479200032,1.25e-05
1706482800094,1.25e-05
1706486400422,1.25e-05
1706490000298,1.25e-05
1706493600004,1.25e-05
1706497200174,6.4778e-06
1706500800199,9.2578e-06
1706504400144,1.25e-05
1706508000020,1.25e-05
1706511600035,8.1993e-06
1706515200275,8.5433e-06
1706518800433,1.25e-05
1706522400300,1.25e-05
1706526000236,1.15357e-05
1706529600409,9.2052e-06
1706533200233,1.25e-05
1706536800260,1.25e-05
1706540400204,1.25e-05
1706544000423,1.25e-05
1706547600413,1.25e-05
1706551200230,6.1168e-06
1706554800154,-1.01345e-05
1706558400387,-1.66854e-05
1706562000312,-3.02706e-05
1706565600240,-5.23254e-05
1706569200390,-5.53464e-05
1706572800039,-9.18081e-05
1706576400311,-4.56671e-05
1706580000317,-2.67976e-05
1706583600274,7.912e-07
1706587200081,-2.55142e-05
1706590800134,-4.10696e-05
1706594400266,-3.47785e-05
1706598000010,-8.5106e-06
1706601600430,-1.90524e-05
1706605200085,-1.29981e-05
1706608800004,-6.4149e-06
1706612400157,1.25e-05
1706616000110,1.25e-05
1706619600155,1.17228e-05
1706623200249,-2.2977e-05
1706626800293,-3.4443e-05
1706630400129,9.2e-09
1706634000063,-2.28069e-05
1706637600161,-4.8436e-06
1706641200431,-1.2854e-06
1706644800236,-1.46723e-05
1706648400281,-4.1402e-06
1706652000116,1.25e-05
1706655600368,-8.0703e-06
1706659200193,-1.18151e-05
1706662800095,-1.36174e-05
1706666400045,-2.13794e-05
1706670000076,-2.29676e-05
1706673600426,-1.42471e-05
1706677200425,-1.19986e-05
1706680800321,-4.907e-06
1706684400284,2.02e-06
1706688000394,-3.90607e-05
1706691600380,-1.53357e-05
1706695200309,-3.01115e-05
1706698800036,-2.4141e-06
1706702400080,4.138e-06
1706706000356,-1.98897e-05
1706709600022,-7.0922e-06
1706713200198,-5.6159e-06
1706716800300,-3.025e-06
1706720400105,-2.02991e-05
1706724000262,-1.18801e-05
1706727600320,1.25e-05
1706731200422,1.25e-05
1706734800250,1.25e-05
1706738400018,9.5081e-06
1706742000108,-2.3547e-06
1706745600299,-1.35224e-05
1706749200408,-8.6506e-06
1706752800259,1.25e-05
1706756400160,2.1699e-06
1706760000103,-4.3029e-06
1706763600142,-1.13742e-05
1706767200120,-1.29717e-05
1706770800408,-1.24906e-05
1706774400254,-5.404e-07
1706778000345,1.25e-05
1706781600379,1.25e-05
1706785200177,1.25e-05
1706788800264,1.25e-05
1706792400366,1.25e-05
1706796000147,1.25e-05
1706799600180,-7.7625e-06
1706803200447,1.25e-05
1706806800260,1.25e-05
1706810400173,1.25e-05
1706814000205,1.25e-05
1706817600121,1.25e-05
1706821200399,1.25e-05
1706824800036,1.25e-05
1706828400172,1.25e-05
1706832000429,1.25e-05
1706835600381,1.25e-05
1706839200337,1.25e-05
1706842800445,1.25e-05
1706846400163,1.25e-05
1706850000221,1.25e-05
1706853600110,1.25e-05
1706857200411,1.25e-05
1706860800386,1.25e-05
1706864400182,1.25e-05
1706868000364,1.25e-05
1706871600231,1.25e-05
1706875200334,1.25e-05
1706878800198,1.25e-05
1706882400391,1.25e-05
1706886000184,6.2372e-06
1706889600281,1.25e-05
1706893200274,1.25e-05
1706896800150,1.06672e-05
1706900400211,1.25e-05
1706904000055,1.25e-05
1706907600216,1.25e-05
1706911200427,1.25e-05
1706914800162,1.25e-05
1706918400226,1.25e-05
1706922000227,1.25e-05
1706925600016,1.25e-05
1706929200011,9.7751e-06
1706932800135,4.3066e-06
1706936400020,-6.486e-07
1706940000181,-2.5659e-06
1706943600324,6.7668e-06
1706947200029,1.9754e-06
1706950800078,1.25e-05
1706954400047,1.25e-05
1706958000007,1.25e-05
1706961600302,-2.4791e-06
1706965200319,-2.8183e-06
1706968800055,1.4749e-06
1706972400386,9.6017e-06
1706976000143,-3.8379e-06
1706979600135,-6.8196e-06
1706983200349,-2.1224e-05
1706986800162,-1.85915e-05
1706990400032,-1.72338e-05
1706994000426,-2.53442e-05
1706997600429,-3.28236e-05
1707001200194,-1.90465e-05
1707004800077,-2.3557e-05
1707008400091,7.896e-07
1707012000437,-2.8369e-06
1707015600432,1.25e-05
1707019200203,1.25e-05
1707022800426,1.25e-05
1707026400111,1.25e-05
1707030000054,1.25e-05
1707033600042,1.25e-05
1707037200442,1.25e-05
1707040800295,1.25e-05
1707044400046,9.2061e-06
1707048000087,1.25e-05
1707051600106,1.25e-05
1707055200032,1.09025e-05
1707058800431,1.03964e-05
1707062400464,1.25e-05
1707066000081,1.25e-05
1707069600049,1.25e-05
1707073200389,1.25e-05
1707076800429,1.25e-05
1707080400285,1.25e-05
1707084000284,-1.7444e-06
1707087600360,8.8722e-06
1707091200200,1.24816e-05
1707094800241,3.2601e-06
1707098400113,1.25e-05
1707102000277,9.137e-06
1707105600015,7.8038e-06
1707109200111,9.5506e-06
1707112800037,1.0158e-06
1707116400156,1.01468e-05
1707120000278,-4.511e-07
1707123600022,1.25e-05
1707127200297,1.25e-05
1707130800129,1.25e-05
1707134400041,1.25e-05
1707138000275,1.25e-05
1707141600298,1.25e-05
1707145200029,1.25e-05
1707148800098,1.25e-05
1707152400397,1.25e-05
1707156000103,1.25e-05
1707159600098,1.25e-05
1707163200181,1.25e-05
1707166800058,1.25e-05
1707170400193,1.25e-05
1707174000136,1.25e-05
1707177600287,1.84393e-05
1707181200120,1.25e-05
1707184800042,1.25e-05
1707188400352,1.30001e-05
1707192000191,1.25e-05
1707195600159,1.25e-05
1707199200268,1.25e-05
1707202800095,1.25e-05
1707206400193,1.25e-05
1707210000314,1.25e-05
1707213600326,1.25e-05
1707217200082,1.25e-05
1707220800331,1.25e-05
1707224400009,1.25e-05
1707228000357,1.25e-05
1707231600309,1.25e-05
1707235200095,1.19734e-05
1707238800373,1.25e-05
1707242400264,1.5612e-06
1707246000007,-5.4207e-06
1707249600434,-1.76794e-05
1707253200430,-1.53848e-05
1707256800188,-8.365e-07
1707260400019,1.25e-05
1707264000076,1.25e-05
1707267600365,1.25e-05
1707271200180,1.25e-05
1707274800410,1.25e-05
1707278400231,1.25e-05
1707282000130,1.25e-05
1707285600127,1.25e-05
1707289200172,1.25e-05
1707292800135,1.25e-05
1707296400333,1.25e-05
1707300000436,1.25e-05
1707303600187,1.25e-05
1707307200064,1.25e-05
1707310800410,1.25e-05
1707314400111,1.25e-05
1707318000257,1.25e-05
1707321600012,1.25e-05
1707325200297,1.25e-05
1707328800192,1.25e-05
1707332400252,1.25315e-05
1707336000087,2.03104e-05
1707339600286,1.25e-05
1707343200015,1.25e-05
1707346800166,1.25e-05
1707350400230,1.25e-05
1707354000372,1.25e-05
1707357600150,1.25e-05
1707361200282,1.25e-05
1707364800296,1.25e-05
1707368400015,1.25e-05
1707372000275,1.25e-05
1707375600061,1.25e-05
1707379200130,1.25e-05
1707382800338,1.25e-05
1707386400044,1.25e-05
1707390000196,1.25e-05
1707393600174,1.27798e-05
1707397200047,2.22591e-05
1707400800201,1.35676e-05
1707404400314,3.67747e-05
1707408000438,7.86731e-05
1707411600438,5.15336e-05
1707415200111,6.87035e-05
1707418800410,7.47836e-05
1707422400285,8.08887e-05
1707426000156,8.74587e-05
1707429600093,0.0001131155
1707433200304,0.0001325791
1707436800020,0.0001024479
1707440400072,1.25e-05
1707444000097,1.25e-05
1707447600006,6.42197e-05
1707451200307,4.28251e-05
1707454800395,1.25e-05
1707458400176,6.79379e-05
1707462000201,9.2561e-05
1707465600281,9.93837e-05
1707469200019,5.40727e-05
1707472800031,7.38467e-05
1707476400273,7.60457e-05
1707480000259,9.44046e-05
1707483600286,2.60225e-05
1707487200036,3.15638e-05
1707490800143,0.0001049269
1707494400388,8.52241e-05
1707498000260,1.25e-05
1707501600131,1.25e-05
1707505200346,1.97174e-05
1707508800368,1.72593e-05
1707512400421,6.28777e-05
1707516000144,6.12848e-05
1707519600154,2.9784e-05
1707523200092,1.44215e-05
1707526800038,2.41611e-05
1707530400259,3.68237e-05
1707534000051,5.58582e-05
1707537600360,8.17041e-05
1707541200019,7.56993e-05
1707544800148,7.70527e-05
1707548400189,5.83972e-05
1707552000217,5.58366e-05
1707555600293,1.61929e-05
1707559200453,5.48452e-05
1707562800101,2.08257e-05
1707566400101,2.50755e-05
1707570000246,4.71901e-05
1707573600438,6.4396e-05
1707577200295,2.31014e-05
1707580800073,2.74811e-05
1707584400391,1.55533e-05
1707588000163,1.25e-05
1707591600042,2.62419e-05
1707595200146,1.25e-05
1707598800387,1.25e-05
1707602400124,1.25e-05
1707606000002,1.25e-05
1707609600201,1.28493e-05
1707613200213,1.25e-05
1707616800456,1.25e-05
1707620400001,1.25e-05
1707624000309,1.25e-05
1707627600220,1.25e-05
1707631200068,1.25e-05
1707634800071,2.59328e-05
1707638400056,4.2299e-05
1707642000123,1.42694e-05
1707645600059,2.64346e-05
1707649200187,2.56282e-05
1707652800034,1.63107e-05
1707656400156,4.79413e-05
1707660000072,2.97824e-05
1707663600303,1.25e-05
1707667200086,1.25e-05
1707670800246,1.25e-05
1707674400022,1.62221e-05
1707678000051,2.91763e-05
1707681600108,5.78037e-05
1707685200377,6.49946e-05
1707688800405,1.25e-05
1707692400012,1.25e-05
1707696000190,1.25e-05
1707699600197,2.26004e-05
1707703200120,4.81558e-05
1707706800377,1.79598e-05
1707710400280,4.30079e-05
1707714000293,8.09754e-05
1707717600396,2.47632e-05
1707721200302,1.25e-05
1707724800013,1.70632e-05
1707728400082,1.73897e-05
1707732000424,1.25e-05
1707735600318,1.25e-05
1707739200138,1.25e-05
1707742800325,1.99358e-05
1707746400118,2.14969e-05
1707750000172,1.97261e-05
1707753600461,0.000142029
1707757200099,0.0001206341
1707760800357,0.0005980828
1707764400306,7.06163e-05
1707768000368,7.99151e-05
1707771600344,7.05613e-05
1707775200194,7.58346e-05
1707778800322,3.23136e-05
1707782400444,3.54244e-05
1707786000023,2.62476e-05
1707789600245,5.45848e-05
1707793200361,8.10055e-05
1707796800105,5.45169e-05
1707800400016,6.17049e-05
1707804000077,8.32542e-05
1707807600215,9.88587e-05
1707811200348,6.27976e-05
1707814800228,6.33871e-05
1707818400422,5.05881e-05
1707822000245,2.23378e-05
1707825600339,2.01104e-05
1707829200021,4.43228e-05
1707832800395,1.25e-05
1707836400106,1.25e-05
1707840000108,3.06032e-05
1707843600385,1.25e-05
1707847200380,1.93286e-05
1707850800322,3.40451e-05
1707854400173,3.65441e-05
1707858000414,4.38788e-05
1707861600063,7.19987e-05
1707865200438,7.53683e-05
1707868800118,2.29245e-05
1707872400004,1.25e-05
1707876000032,1.25e-05
1707879600034,1.25e-05
1707883200168,3.85935e-05
1707886800071,4.49197e-05
1707890400251,5.40871e-05
1707894000093,4.38442e-05
1707897600342,0.0001211841
1707901200058,8.87972e-05
1707904800001,0.0001045914
1707908400361,8.28953e-05
1707912000189,9.35184e-05
1707915600452,7.44045e-05
1707919200005,7.16012e-05
1707922800050,0.0001001076
1707926400368,2.22137e-05
1707930000276,1.25e-05
1707933600006,1.25e-05
1707937200342,1.25e-05
1707940800312,1.25e-05
1707944400104,1.25e-05
1707948000432,2.4883e-05
1707951600032,4.70119e-05
1707955200231,6.43911e-05
1707958800105,4.90588e-05
1707962400435,4.40293e-05
1707966000082,7.00139e-05
1707969600081,9.91494e-05
1707973200078,8.52461e-05
1707976800293,4.40646e-05
1707980400323,1.25e-05
1707984000431,1.79803e-05
1707987600332,2.18739e-05
1707991200010,4.02371e-05
1707994800191,5.67629e-05
1707998400167,6.18625e-05
1708002000029,1.52316e-05
1708005600187,1.25e-05
1708009200380,5.52335e-05
1708012800409,3.9365e-05
1708016400391,1.25e-05
1708020000409,1.25e-05
1708023600042,1.65301e-05
1708027200171,2.61266e-05
1708030800252,1.44618e-05
1708034400074,1.68452e-05
1708038000026,1.25e-05
1708041600177,1.25e-05
1708045200239,1.25e-05
1708048800337,1.25e-05
1708052400049,1.25e-05
1708056000204,2.09111e-05
1708059600391,1.98107e-05
1708063200184,3.35812e-05
1708066800066,1.25e-05
1708070400023,1.25e-05
1708074000035,1.25e-05
1708077600283,2.30469e-05
1708081200398,1.25e-05
1708084800022,1.25e-05
1708088400066,1.25e-05
1708092000153,3.95214e-05
1708095600336,1.25e-05
1708099200112,1.25e-05
1708102800022,1.25e-05
1708106400011,1.25e-05
1708110000362,1.25e-05
1708113600192,1.25e-05
1708117200438,1.25e-05
1708120800121,1.25e-05
1708124400026,1.25e-05
1708128000437,2.99151e-05
1708131600462,1.70141e-05
1708135200172,2.6491e-05
1708138800390,4.62767e-05
1708142400450,4.56734e-05
1708146000109,5.62161e-05
1708149600235,7.26369e-05
1708153200089,8.4364e-05
1708156800087,7.69126e-05
1708160400153,2.26488e-05
1708164000377,1.25e-05
1708167600001,1.25e-05
1708171200109,1.25e-05
1708174800437,1.25e-05
1708178400152,1.25e-05
1708182000325,4.35355e-05
1708185600123,6.54007e-05
1708189200142,3.27884e-05
1708192800144,3.38257e-05
1708196400011,1.25e-05
1708200000418,1.25e-05
1708203600125,1.6493e-05
1708207200205,3.28611e-05
1708210800237,3.74892e-05
1708214400368,1.9971e-05
1708218000330,1.25e-05
1708221600076,1.49986e-05
1708225200072,2.20417e-05
1708228800438,3.65368e-05
1708232400021,4.34264e-05
1708236000368,4.76276e-05
1708239600431,4.98084e-05
1708243200055,5.8957e-05
1708246800393,1.98745e-05
1708250400393,1.25e-05
1708254000083,1.25e-05
1708257600056,1.25e-05
1708261200005,1.96611e-05
1708264800068,2.40931e-05
1708268400062,2.32618e-05
1708272000061,2.35152e-05
1708275600108,1.25e-05
1708279200398,1.25e-05
1708282800426,1.71527e-05
1708286400084,2.23678e-05
1708290000423,2.74063e-05
1708293600206,3.52486e-05
1708297200209,2.80098e-05
1708300800026,5.87495e-05
1708304400061,3.28686e-05
1708308000427,2.6829e-05
1708311600104,3.12763e-05
1708315200107,2.77209e-05
1708318800221,1.47226e-05
1708322400026,1.25e-05
1708326000209,3.4315e-05
1708329600179,5.24093e-05
1708333200443,1.25e-05
1708336800362,1.25e-05
1708340400218,1.50535e-05
1708344000140,2.64091e-05
1708347600444,3.54872e-05
1708351200174,1.64233e-05
1708354800353,1.25e-05
1708358400079,1.59931e-05
1708362000238,1.25e-05
1708365600027,1.25e-05
1708369200201,1.25e-05
1708372800433,1.7984e-05
1708376400073,2.23526e-05
1708380000090,2.03911e-05
1708383600098,2.82504e-05
1708387200035,2.76405e-05
1708390800412,1.25e-05
1708394400193,1.25e-05
1708398000366,1.25e-05
1708401600146,1.25e-05
1708405200137,1.25e-05
1708408800424,2.30742e-05
1708412400392,2.76436e-05
1708416000011,1.73922e-05
1708419600003,1.25e-05
1708423200408,1.25e-05
1708426800023,1.25e-05
1708430400038,3.63319e-05
1708434000049,3.5181e-05
1708437600099,4.47518e-05
1708441200262,1.25e-05
1708444800133,1.25e-05
1708448400326,1.25e-05
1708452000235,1.25e-05
1708455600297,1.25e-05
1708459200280,1.38128e-05
1708462800065,1.58952e-05
1708466400410,3.14857e-05
1708470000421,4.09691e-05
1708473600158,6.91345e-05
1708477200089,3.78789e-05
1708480800110,3.38623e-05
1708484400249,3.48221e-05
1708488000245,3.65323e-05
1708491600359,1.25e-05
1708495200351,1.25e-05
1708498800228,1.25e-05
1708502400447,1.25e-05
1708506000349,1.25e-05
1708509600019,1.25e-05
1708513200042,1.25e-05
1708516800079,1.25e-05
1708520400096,1.25e-05
1708524000201,1.25e-05
1708527600106,1.25e-05
1708531200091,1.25e-05
1708534800392,1.25e-05
1708538400132,1.25e-05
1708542000266,1.25e-05
1708545600084,1.25e-05
1708549200333,1.25e-05
1708552800340,1.25e-05
1708556400194,2.62833e-05
1708560000194,4.84072e-05
1708563600391,1.25e-05
1708567200038,1.25e-05
1708570800143,1.25e-05
1708574400107,1.25e-05
1708578000327,1.25e-05
1708581600407,1.25e-05
1708585200377,1.25e-05
1708588800071,2.79283e-05
1708592400033,1.25e-05
1708596000218,1.25e-05
1708599600079,1.25e-05
1708603200118,1.25e-05
1708606800185,1.25e-05
1708610400266,1.25e-05
1708614000097,1.25e-05
1708617600173,1.25e-05
1708621200245,1.25e-05
1708624800241,1.25e-05
1708628400338,1.25e-05
1708632000143,1.25e-05
1708635600072,1.25e-05
1708639200107,1.25e-05
1708642800041,1.25e-05
1708646400106,1.25e-05
1708650000265,1.25e-05
1708653600420,1.25e-05
1708657200145,1.25e-05
1708660800088,1.25e-05
1708664400127,1.25e-05
1708668000350,1.25e-05
1708671600262,1.88327e-05
1708675200015,3.00513e-05
1708678800172,2.57323e-05
1708682400443,2.46327e-05
1708686000172,2.71339e-05
1708689600188,2.88696e-05
1708693200273,2.43915e-05
1708696800173,1.25e-05
1708700400022,1.25e-05
1708704000129,1.25e-05
1708707600153,1.25e-05
1708711200027,1.25e-05
1708714800093,1.25e-05
1708718400206,1.25e-05
1708722000322,1.25e-05
1708725600389,1.25e-05
1708729200247,1.25e-05
1708732800063,1.25e-05
1708736400146,1.25e-05
1708740000056,1.25e-05
1708743600333,1.25e-05
1708747200349,1.25e-05
1708750800180,1.25e-05
1708754400372,1.25e-05
1708758000015,1.25e-05
1708761600021,1.25e-05
1708765200039,1.25e-05
1708768800045,1.25e-05
1708772400133,1.25e-05
1708776000284,1.25e-05
1708779600131,1.25e-05
1708783200247,1.25e-05
1708786800186,1.25e-05
1708790400215,1.25e-05
1708794000098,1.25e-05
1708797600024,2.1163e-05
1708801200350,2.76253e-05
1708804800403,3.09365e-05
1708808400167,4.52488e-05
1708812000030,5.494e-05
1708815600422,7.70303e-05
1708819200407,9.00056e-05
1708822800153,4.4918e-05
1708826400332,3.28723e-05
1708830000164,3.23871e-05
1708833600037,1.25e-05
1708837200401,1.25e-05
1708840800220,1.25e-05
1708844400264,1.25e-05
1708848000038,1.70062e-05
1708851600318,1.25e-05
1708855200099,1.25e-05
1708858800266,1.25e-05
1708862400337,1.25e-05
1708866000185,1.25e-05
1708869600126,1.25e-05
1708873200415,1.25e-05
1708876800079,1.25e-05
1708880400441,1.25e-05
1708884000161,1.25e-05
1708887600195,1.25e-05
1708891200104,1.25e-05
1708894800013,1.95338e-05
1708898400330,2.11176e-05
1708902000236,2.58579e-05
1708905600456,2.50341e-05
1708909200414,1.25e-05
1708912800300,1.25e-05
1708916400318,1.25e-05
1708920000120,1.25e-05
1708923600051,1.25e-05
1708927200457,1.83218e-05
1708930800228,2.76667e-05
1708934400000,4.24754e-05
1708938000256,2.44445e-05
1708941600411,1.31294e-05
1708945200232,2.23177e-05
1708948800022,2.9023e-05
1708952400185,3.57328e-05
1708956000324,2.95758e-05
1708959600336,3.37133e-05
1708963200144,5.09306e-05
1708966800247,3.31233e-05
1708970400432,3.60821e-05
1708974000189,1.25e-05
1708977600193,5.98426e-05
1708981200370,8.5236e-05
1708984800131,8.39138e-05
1708988400138,5.23107e-05
1708992000294,4.3537e-05
1708995600147,1.25e-05
1708999200314,3.4036e-05
1709002800386,0.0001427808
1709006400067,0.0001519669
1709010000271,0.0001058481
1709013600438,0.0001028742
1709017200034,5.14664e-05
1709020800383,1.49749e-05
1709024400066,4.06651e-05
1709028000254,5.46258e-05
1709031600002,4.34464e-05
1709035200053,5.37521e-05
1709038800155,7.30478e-05
1709042400431,7.07653e-05
1709046000168,7.18893e-05
1709049600265,9.99649e-05
1709053200006,1.25e-05
1709056800371,1.25e-05
1709060400045,1.25e-05
1709064000017,1.25e-05
1709067600364,2.94672e-05
1709071200009,9.95202e-05
1709074800047,0.0001247709
1709078400250,0.0001611488
1709082000384,0.0001116817
1709085600149,0.0001011199
1709089200131,0.0001432109
1709092800011,0.0001697774
1709096400097,0.0001643102
1709100000079,0.000167753
1709103600301,0.0001913803
1709107200124,0.0002294481
1709110800413,0.0001612374
1709114400125,0.0001552094
1709118000046,0.0001768707
1709121600221,0.0001955485
1709125200288,0.000177525
1709128800407,0.0002045422
1709132400361,0.0002311056
1709136000074,0.0002095313
1709139600360,0.0001278628
1709143200100,0.0002491113
1709146800044,0.0001825241
1709150400048,0.0001695039
1709154000077,0.0001131677
1709157600427,0.0001007904
1709161200125,0.0001598943
1709164800238,0.0002258819
1709168400095,0.0001148297
1709172000398,9.08204e-05
1709175600359,0.0001100884
1709179200121,0.0001082711
1709182800221,0.000132161
1709186400421,0.0001275735
1709190000006,0.000177417
1709193600377,0.0001495319
1709197200161,0.0001105234
1709200800154,0.0001178908
1709204400388,9.88386e-05
1709208000073,0.0001414262
1709211600402,0.0001224884
1709215200426,0.0001021806
1709218800143,9.56975e-05
1709222400010,7.66359e-05
1709226000048,6.81191e-05
1709229600390,0.0001211792
1709233200138,0.0001747491
1709236800300,0.000188917
1709240400322,0.0001013813
1709244000127,7.34362e-05
1709247600036,7.91932e-05
1709251200311,7.10629e-05
1709254800043,3.78266e-05
1709258400035,3.47568e-05
1709262000078,5.59358e-05
1709265600278,7.03555e-05
1709269200076,8.2536e-05
1709272800101,0.0001153048
1709276400314,0.0001124765
1709280000426,9.60819e-05
1709283600143,6.52104e-05
1709287200258,9.91489e-05
1709290800228,0.0001030881
1709294400134,7.56275e-05
1709298000027,6.27903e-05
1709301600425,7.34349e-05
1709305200043,6.79654e-05
1709308800118,9.29884e-05
1709312400450,5.8795e-05
1709316000050,7.97484e-05
1709319600093,9.18119e-05
1709323200345,0.0001026437
1709326800150,8.86383e-05
1709330400247,9.84065e-05
1709334000067,5.75728e-05
1709337600374,4.5614e-05
1709341200366,3.43371e-05
1709344800067,4.42036e-05
1709348400346,6.05523e-05
1709352000110,8.51114e-05
1709355600125,8.44856e-05
1709359200081,7.98274e-05
1709362800363,0.0001003381
1709366400388,0.0001299768
1709370000304,7.7754e-05
1709373600199,8.6202e-05
1709377200049,9.90973e-05
1709380800041,7.66741e-05
1709384400397,7.54156e-05
1709388000444,6.48716e-05
1709391600015,3.79345e-05
1709395200230,1.3774e-05
1709398800080,2.65324e-05
1709402400058,5.88054e-05
1709406000081,9.05081e-05
1709409600023,0.000106458
1709413200062,0.0001008315
1709416800061,0.0001083797
1709420400290,0.0001090324
1709424000250,0.0001038339
1709427600394,7.03726e-05
1709431200012,8.98422e-05
1709434800182,0.0001002274
1709438400324,0.00013699
1709442000077,0.0001603293
1709445600289,0.0001667611
1709449200070,0.000152737
1709452800184,0.0001459423
1709456400063,0.0001074651
1709460000035,0.0001108679
1709463600281,0.0001142198
1709467200041,0.0001273148
1709470800069,0.0001630879
1709474400406,0.0001283271
1709478000169,0.0001280927
1709481600230,5.74857e-05
1709485200073,4.5255e-05
1709488800197,6.8301e-05
1709492400410,8.74268e-05
1709496000047,0.0001107181
1709499600056,0.0001207562
1709503200128,0.0001379675
1709506800453,0.0001975361
1709510400433,0.0001189508
1709514000124,0.0001187549
1709517600357,0.0001362042
1709521200078,0.000130663
1709524800221,0.0001281257
1709528400345,8.72846e-05
1709532000361,6.07948e-05
1709535600143,7.30908e-05
1709539200203,0.0001109928
1709542800015,0.0001070935
1709546400204,0.0001407283
1709550000323,0.0001453305
1709553600152,0.0001647301
1709557200409,0.0001529625
1709560800306,0.0001758603
1709564400417,0.0002164955
1709568000101,0.0002426275
1709571600027,7.64964e-05
1709575200199,8.10667e-05
1709578800351,0.0001176618
1709582400185,0.0001443597
1709586000339,0.0001716373
1709589600105,0.0001449086
1709593200007,0.0001651213
1709596800041,8.84051e-05
1709600400108,0.000101452
1709604000363,0.0001380528
1709607600399,7.2193e-05
1709611200271,9.65605e-05
1709614800134,0.0001462498
1709618400302,0.00025983
1709622000247,0.0003212728
1709625600234,0.0003780583
1709629200078,0.0002249991
1709632800215,0.0002705648
1709636400257,0.00029722
1709640000036,0.0002756492
1709643600056,0.0002674025
1709647200164,0.0002960339
1709650800403,0.0002820568
1709654400300,0.0003768682
1709658000053,0.0002663002
1709661600444,0.0003011272
1709665200374,0.0003093135
1709668800335,0.000322203
1709672400357,0.0003557563
1709676000313,0.0003617158
1709679600114,0.0003205716
1709683200052,0.0002998675
1709686800145,0.0002088893
1709690400058,0.0001795628
1709694000432,0.0001537759
1709697600150,0.0001336384
1709701200108,0.0001489928
1709704800283,0.0002927505
1709708400002,0.0002964643
1709712000421,0.0002627041
1709715600026,0.0001697368
1709719200124,0.0001234221
1709722800388,0.0001028909
1709726400092,0.0001296931
1709730000363,0.0001514497
1709733600377,0.0001666046
1709737200033,0.0001669445
1709740800446,0.0001151574
1709744400337,8.7758e-05
1709748000044,8.3787e-05
1709751600004,9.62416e-05
1709755200269,0.0001260201
1709758800385,0.0001309676
1709762400254,0.0001587775
1709766000366,0.0001602948
1709769600038,0.0001374974
1709773200343,9.61489e-05
1709776800415,9.9294e-05
1709780400007,9.99935e-05
1709784000384,0.0001041454
1709787600154,8.63893e-05
1709791200108,8.72543e-05
1709794800004,8.00445e-05
1709798400302,0.0001087162
1709802000256,6.88104e-05
1709805600384,8.28261e-05
1709809200216,9.39646e-05
1709812800240,0.000100116
1709816400014,0.0001096111
1709820000160,0.0001068558
1709823600139,0.0001170982
1709827200403,0.000129295
1709830800123,4.61307e-05
1709834400282,6.45636e-05
1709838000262,7.73928e-05
1709841600148,8.27346e-05
1709845200080,8.18805e-05
1709848800373,8.60684e-05
1709852400095,0.0001055721
1709856000429,9.88092e-05
1709859600332,5.49301e-05
1709863200174,7.26092e-05
1709866800382,8.82507e-05
1709870400035,0.0001092373
1709874000016,0.0001103786
1709877600039,0.0001039627
1709881200052,0.0001137462
1709884800225,0.0001069609
1709888400171,7.383e-05
1709892000208,8.82187e-05
1709895600126,9.09068e-05
1709899200378,0.0001043236
1709902800020,0.0001222272
1709906400089,0.0001263227
1709910000076,0.0001700232
1709913600162,0.0002441181
1709917200075,9.17228e-05
1709920800076,0.0001223912
1709924400370,0.0001285023
1709928000085,8.9119e-05
1709931600124,0.000132949
1709935200152,0.0001339733
1709938800152,9.77062e-05
1709942400436,7.2519e-05
1709946000322,5.26209e-05
1709949600425,5.43246e-05
1709953200063,7.97e-05
1709956800211,8.63261e-05
1709960400187,8.42164e-05
1709964000438,8.99376e-05
1709967600106,0.0001052622
1709971200255,0.0001186136
1709974800163,7.85429e-05
1709978400119,8.00467e-05
1709982000449,7.31076e-05
1709985600168,7.16054e-05
1709989200116,7.58686e-05
1709992800318,7.97412e-05
1709996400092,7.85883e-05
1710000000437,8.08075e-05
1710003600221,3.29532e-05
1710007200425,4.11282e-05
1710010800032,6.35585e-05
1710014400132,8.54592e-05
1710018000271,9.49148e-05
1710021600096,0.0001072833
1710025200128,0.0001247937
1710028800093,0.0001278995
1710032400360,5.45805e-05
1710036000065,8.90229e-05
1710039600035,0.0001032682
1710043200039,0.0001185853
1710046800194,0.0001287883
1710050400222,0.0001009418
1710054000282,0.000103003
1710057600249,0.0001092081
1710061200439,7.31609e-05
1710064800455,8.40828e-05
1710068400057,9.15241e-05
1710072000324,7.52358e-05
1710075600302,7.98162e-05
1710079200287,7.83914e-05
1710082800121,7.66715e-05
1710086400176,7.88255e-05
1710090000311,4.25735e-05
1710093600414,2.87601e-05
1710097200284,3.14876e-05
1710100800252,6.65535e-05
1710104400134,6.80783e-05
1710108000304,7.91286e-05
1710111600303,9.89492e-05
1710115200008,7.90364e-05
1710118800009,1.25e-05
1710122400210,4.58012e-05
1710126000133,6.18539e-05
1710129600452,7.3549e-05
1710133200165,8.1327e-05
1710136800290,9.34613e-05
1710140400342,0.0001092655
1710144000097,0.0002506175
1710147600259,0.0001140747
1710151200077,8.23077e-05
1710154800090,5.34804e-05
1710158400187,1.25e-05
1710162000063,4.24764e-05
1710165600249,4.01524e-05
1710169200068,2.51733e-05
1710172800007,5.57588e-05
1710176400310,4.33162e-05
1710180000400,4.48592e-05
1710183600058,2.83848e-05
1710187200001,3.02493e-05
1710190800077,4.38008e-05
1710194400209,1.25e-05
1710198000072,1.87417e-05
1710201600024,3.43075e-05
1710205200436,5.94188e-05
1710208800100,8.12573e-05
1710212400104,0.0001032102
1710216000420,7.78468e-05
1710219600127,7.88775e-05
1710223200138,9.3819e-05
1710226800005,9.36225e-05
1710230400403,8.83228e-05
1710234000118,5.14879e-05
1710237600125,6.42481e-05
1710241200394,7.54327e-05
1710244800329,8.05211e-05
1710248400258,0.0001125833
1710252000293,0.0001217203
1710255600028,0.0001107949
1710259200102,0.0001167166
1710262800426,7.50066e-05
1710266400332,8.85446e-05
1710270000149,0.0001090942
1710273600120,0.0001108284
1710277200111,0.0001240296
1710280800032,0.0001320745
1710284400009,0.0001189694
1710288000261,0.0001181596
1710291600421,7.59732e-05
1710295200160,0.0001025903
1710298800121,0.0001288514
1710302400269,0.000142209
1710306000303,0.0001584137
1710309600361,0.0001714759
1710313200121,0.0001857344
1710316800394,0.0001929692
1710320400076,0.0001139789
1710324000354,0.0001229425
1710327600393,0.0001274913
1710331200365,0.0001133796
1710334800300,0.0001100492
1710338400289,8.04946e-05
1710342000342,7.42654e-05
1710345600267,5.57367e-05
1710349200159,3.31641e-05
1710352800113,1.99668e-05
1710356400105,2.88508e-05
1710360000214,1.89376e-05
1710363600250,2.48026e-05
1710367200050,2.9308e-05
1710370800162,3.10721e-05
1710374400051,3.29416e-05
1710378000328,2.7702e-05
1710381600107,4.09649e-05
1710385200104,6.19771e-05
1710388800063,7.18011e-05
1710392400025,9.70595e-05
1710396000265,0.0001001964
1710399600404,0.000127234
1710403200215,0.0001477311
1710406800421,8.00211e-05
1710410400001,8.85105e-05
1710414000352,5.38224e-05
1710417600162,2.18625e-05
1710421200082,1.96382e-05
1710424800354,7.4912e-05
1710428400184,0.0001240169
1710432000159,0.0001465932
1710435600008,8.46762e-05
1710439200323,0.0001047684
1710442800378,0.0001006261
1710446400145,0.0001199618
1710450000033,0.0001435334
1710453600396,0.0001752057
1710457200428,0.0001801636
1710460800115,0.0001195952
1710464400273,4.5508e-05
1710468000097,4.50035e-05
1710471600208,5.97315e-05
1710475200098,9.6894e-05
1710478800123,0.0001195174
1710482400457,0.0001490664
1710486000122,0.0001758768
1710489600094,0.0001562009
1710493200135,5.65942e-05
1710496800010,4.55938e-05
1710500400208,5.51327e-05
1710504000422,6.74823e-05
1710507600071,7.61446e-05
1710511200229,9.20476e-05
1710514800053,1.25e-05
1710518400211,0.000100884
1710522000216,1.25e-05
1710525600168,1.25e-05
1710529200433,5.07973e-05
1710532800032,1.25e-05
1710536400042,2.98068e-05
1710540000360,5.46932e-05
1710543600215,1.25e-05
1710547200465,1.25e-05
1710550800095,1.25e-05
1710554400105,1.25e-05
1710558000285,1.25e-05
1710561600015,1.25e-05
1710565200240,1.74862e-05
1710568800142,2.41061e-05
1710572400027,4.02448e-05
1710576000017,7.0719e-05
1710579600080,3.80812e-05
1710583200095,3.33327e-05
1710586800068,1.32102e-05
1710590400309,1.25e-05
1710594000056,1.41188e-05
1710597600292,2.18865e-05
1710601200167,2.6778e-05
1710604800315,3.87309e-05
1710608400053,1.25e-05
1710612000016,1.25e-05
1710615600318,1.25e-05
1710619200028,1.25e-05
1710622800212,1.25e-05
1710626400351,1.25e-05
1710630000102,3.22615e-05
1710633600301,2.3546e-05
1710637200070,1.25e-05
1710640800455,1.54889e-05
1710644400182,4.33772e-05
1710648000012,3.9836e-05
1710651600260,5.20729e-05
1710655200065,6.06839e-05
1710658800067,6.76201e-05
1710662400260,9.0882e-05
1710666000085,4.69918e-05
1710669600384,5.81392e-05
1710673200002,9.92232e-05
1710676800446,0.0001070328
1710680400326,7.04867e-05
1710684000296,2.80456e-05
1710687600385,2.64333e-05
1710691200004,3.93074e-05
1710694800061,4.83394e-05
1710698400440,5.11038e-05
1710702000370,5.17602e-05
1710705600249,2.15609e-05
1710709200112,2.34833e-05
1710712800192,3.14327e-05
1710716400344,2.87446e-05
1710720000434,4.35907e-05
1710723600088,1.25e-05
1710727200043,1.25e-05
1710730800017,3.36915e-05
1710734400072,4.29965e-05
1710738000030,5.69475e-05
1710741600386,6.84055e-05
1710745200037,5.81154e-05
1710748800359,5.58131e-05
1710752400290,1.55064e-05
1710756000441,1.31433e-05
1710759600256,1.9266e-05
1710763200028,3.78836e-05
1710766800368,3.1691e-05
1710770400130,3.28151e-05
1710774000332,4.36283e-05
1710777600239,2.1502e-05
1710781200381,1.25e-05
1710784800079,1.94008e-05
1710788400058,1.41626e-05
1710792000379,1.25e-05
1710795600301,1.7868e-05
1710799200066,1.33075e-05
1710802800437,1.70232e-05
1710806400184,1.25e-05
1710810000066,1.25e-05
1710813600414,1.25e-05
1710817200303,3.86649e-05
1710820800052,2.31717e-05
1710824400106,2.37837e-05
1710828000257,2.38578e-05
1710831600271,2.94197e-05
1710835200152,5.80821e-05
1710838800262,3.03078e-05
1710842400133,4.58457e-05
1710846000139,5.51251e-05
1710849600388,6.29568e-05
1710853200103,7.344e-05
1710856800122,7.66607e-05
1710860400109,9.10896e-05
1710864000409,0.0001051765
1710867600096,1.25e-05
1710871200277,1.87687e-05
1710874800224,1.25e-05
1710878400360,1.25e-05
1710882000233,2.24759e-05
1710885600402,6.02749e-05
1710889200346,7.40646e-05
1710892800416,8.40636e-05
1710896400256,5.13208e-05
1710900000339,5.11745e-05
1710903600315,4.56382e-05
1710907200022,2.55636e-05
1710910800196,1.25e-05
1710914400285,1.25e-05
1710918000143,1.25e-05
1710921600022,-1.6868e-05
1710925200369,7.2044e-06
1710928800107,-4.9288e-06
1710932400399,-4.0881e-06
1710936000024,7.546e-07
1710939600306,1.25e-05
1710943200175,1.25e-05
1710946800330,1.25e-05
1710950400374,2.70134e-05
1710954000410,1.25e-05
1710957600194,1.25e-05
1710961200192,1.95058e-05
1710964800212,1.28693e-05
1710968400168,1.25e-05
1710972000024,1.25e-05
1710975600115,1.25e-05
1710979200076,1.25e-05
1710982800191,1.79435e-05
1710986400113,2.64946e-05
1710990000303,4.15605e-05
1710993600047,3.33077e-05
1710997200104,1.25e-05
1711000800156,1.25e-05
1711004400265,1.25e-05
1711008000267,1.25e-05
1711011600055,1.25e-05
1711015200078,1.25e-05
1711018800092,1.25e-05
1711022400136,1.25e-05
1711026000252,1.25e-05
1711029600308,1.25e-05
1711033200337,1.25e-05
1711036800055,1.25e-05
1711040400351,1.25e-05
1711044000112,1.25e-05
1711047600219,1.25e-05
1711051200104,1.25e-05
1711054800050,1.25e-05
1711058400161,1.25e-05
1711062000274,1.25e-05
1711065600419,1.25e-05
1711069200278,1.25e-05
1711072800057,1.25e-05
1711076400234,1.25e-05
1711080000166,2.15977e-05
1711083600169,2.36749e-05
1711087200125,2.5231e-05
1711090800268,1.74093e-05
1711094400047,2.07484e-05
1711098000122,1.25e-05
1711101600345,2.07207e-05
1711105200061,1.4964e-05
1711108800268,1.5614e-05
1711112400285,2.2333e-05
1711116000044,1.25e-05
1711119600307,1.25e-05
1711123200320,1.25e-05
1711126800376,1.25e-05
1711130400134,1.25e-05
1711134000137,1.25e-05
1711137600076,1.25e-05
1711141200248,1.25e-05
1711144800181,1.25e-05
1711148400408,1.25e-05
1711152000366,1.25e-05
1711155600307,1.25e-05
1711159200367,1.25e-05
1711162800076,1.25e-05
1711166400171,1.25e-05
1711170000306,1.25e-05
1711173600163,1.25e-05
1711177200079,1.25e-05
1711180800319,1.25e-05
1711184400012,1.25e-05
1711188000079,1.25e-05
1711191600089,1.25e-05
1711195200011,1.25e-05
1711198800452,1.25e-05
1711202400011,1.25e-05
1711206000354,1.25e-05
1711209600354,1.25e-05
1711213200319,1.25e-05
1711216800358,1.25e-05
1711220400406,1.64079e-05
1711224000318,1.25e-05
1711227600441,1.25e-05
1711231200344,1.25e-05
1711234800093,1.25e-05
1711238400299,1.25e-05
1711242000448,1.25e-05
1711245600364,1.25e-05
1711249200131,1.25e-05
1711252800247,1.25e-05
1711256400257,2.08213e-05
1711260000460,2.34775e-05
1711263600227,1.25e-05
1711267200269,1.25e-05
1711270800039,1.25e-05
1711274400341,1.25e-05
1711278000245,1.25e-05
1711281600201,1.25e-05
1711285200374,1.25e-05
1711288800433,1.64349e-05
1711292400383,2.27487e-05
1711296000038,3.29159e-05
1711299600023,2.4214e-05
1711303200076,1.25e-05
1711306800029,3.52748e-05
1711310400171,6.16334e-05
1711314000150,7.71167e-05
1711317600344,7.15832e-05
1711321200297,0.0001310684
1711324800416,0.0001920919
1711328400048,0.0001109631
1711332000454,0.0001259659
1711335600225,0.0001238891
1711339200155,0.0001273709
1711342800132,0.0001391706
1711346400166,0.0001140828
1711350000364,2.68841e-05
1711353600076,1.25e-05
1711357200053,1.57704e-05
1711360800191,3.28517e-05
1711364400279,4.98163e-05
1711368000384,3.58747e-05
1711371600248,6.36832e-05
1711375200139,5.99424e-05
1711378800320,8.62158e-05
1711382400362,5.61202e-05
1711386000119,3.15114e-05
1711389600404,3.76644e-05
1711393200379,3.7803e-05
1711396800247,8.77834e-05
1711400400322,3.18798e-05
1711404000395,5.0929e-05
1711407600095,0.0001047765
1711411200425,8.30317e-05
1711414800271,5.3599e-05
1711418400032,7.88215e-05
1711422000147,5.55154e-05
1711425600144,8.94181e-05
1711429200198,9.89117e-05
1711432800389,4.14742e-05
1711436400395,1.25e-05
1711440000430,1.7624e-05
1711443600097,1.25e-05
1711447200249,3.3047e-05
1711450800300,4.57915e-05
1711454400198,4.17742e-05
1711458000241,3.53338e-05
1711461600299,1.99719e-05
1711465200312,1.47923e-05
1711468800167,5.695e-05
1711472400191,2.92293e-05
1711476000170,6.00513e-05
1711479600294,6.2858e-05
1711483200232,2.98586e-05
1711486800423,1.25e-05
1711490400372,5.38337e-05
1711494000173,5.54913e-05
1711497600310,5.15084e-05
1711501200009,4.27891e-05
1711504800429,4.75569e-05
1711508400459,8.43341e-05
1711512000375,7.59301e-05
1711515600249,8.06931e-05
1711519200290,0.0001032831
1711522800033,0.0001198901
1711526400206,0.0001045156
1711530000022,5.06325e-05
1711533600083,5.9206e-05
1711537200351,4.65888e-05
1711540800104,3.95849e-05
1711544400129,5.13579e-05
1711548000170,4.99823e-05
1711551600242,0.0001137335
1711555200215,0.0001331152
1711558800324,7.25331e-05
1711562400205,8.97456e-05
1711566000334,8.55403e-05
1711569600079,0.0001043517
1711573200331,0.0001211408
1711576800248,0.0001198747
1711580400027,0.0001076949
1711584000253,6.79721e-05
1711587600025,6.88569e-05
1711591200176,9.29885e-05
1711594800135,6.26008e-05
1711598400122,4.14987e-05
1711602000040,1.72929e-05
1711605600046,2.21158e-05
1711609200213,3.17957e-05
1711612800026,5.37724e-05
1711616400056,1.25e-05
1711620000006,1.58579e-05
1711623600087,1.4239e-05
1711627200283,3.12506e-05
1711630800374,4.27751e-05
1711634400341,5.97969e-05
1711638000006,6.89483e-05
1711641600082,7.92841e-05
1711645200196,6.32655e-05
1711648800045,7.11958e-05
1711652400288,9.10515e-05
1711656000320,9.10313e-05
1711659600371,9.48846e-05
1711663200461,0.0001123483
1711666800038,0.0001405799
1711670400304,0.0001545887
1711674000275,8.74972e-05
1711677600408,9.02217e-05
1711681200010,8.50503e-05
1711684800058,9.15876e-05
1711688400028,8.15849e-05
1711692000399,8.87657e-05
1711695600056,7.74658e-05
1711699200200,8.09036e-05
1711702800055,6.18588e-05
1711706400049,8.48498e-05
1711710000267,8.48811e-05
1711713600275,5.27395e-05
1711717200056,0.0001025347
1711720800116,0.0001131313
1711724400178,0.0001255788
1711728000153,0.0001704406
1711731600260,9.97825e-05
1711735200321,0.0001019313
1711738800301,0.0001087767
1711742400409,0.0001205851
1711746000077,0.0001312533
1711749600377,0.0001378028
1711753200020,0.000150344
1711756800404,0.0001553111
1711760400129,8.72627e-05
1711764000034,0.0001283568
1711767600142,0.0001342426
1711771200344,0.0001598581
1711774800380,0.0001686067
1711778400281,0.0001514164
1711782000252,0.0001254061
1711785600172,0.0001308378
1711789200114,1.25e-05
1711792800383,4.14199e-05
1711796400331,6.01707e-05
1711800000371,6.66163e-05
1711803600185,6.89512e-05
1711807200053,5.24671e-05
1711810800003,5.40908e-05
1711814400258,5.50599e-05
1711818000090,3.38949e-05
1711821600300,3.24661e-05
1711825200059,3.89312e-05
1711828800276,4.98348e-05
1711832400067,6.35017e-05
1711836000143,7.19642e-05
1711839600051,7.8479e-05
1711843200021,8.76315e-05
1711846800117,3.96839e-05
1711850400239,2.95593e-05
1711854000343,2.51754e-05
1711857600166,5.00519e-05
1711861200300,5.99255e-05
1711864800099,6.78047e-05
1711868400276,6.68777e-05
1711872000098,7.29622e-05
1711875600027,0.0001161888
1711879200215,9.49319e-05
1711882800253,0.0001116708
1711886400436,0.0001301954
1711890000234,0.0001547833
1711893600287,0.0001293712
1711897200309,0.000100989
1711900800120,8.59927e-05
1711904400329,5.02752e-05
1711908000056,5.7705e-05
1711911600250,6.1037e-05
1711915200042,7.78274e-05
1711918800311,0.0001112383
1711922400192,0.0001268903
1711926000346,0.0001341404
1711929600210,0.0001441786
1711933200029,8.25882e-05
1711936800024,7.63874e-05
1711940400031,7.50167e-05
1711944000261,7.44954e-05
1711947600281,9.23376e-05
1711951200200,7.71707e-05
1711954800177,8.91391e-05
1711958400337,0.0001106625
1711962000109,6.14696e-05
1711965600065,7.41016e-05
1711969200284,7.37494e-05
1711972800002,7.85263e-05
1711976400223,6.09588e-05
1711980000318,0.0001022578
1711983600439,7.90748e-05
1711987200099,3.73409e-05
1711990800051,5.64441e-05
1711994400397,4.51138e-05
1711998000423,5.41852e-05
1712001600078,5.75701e-05
1712005200094,5.38972e-05
1712008800063,0.0001105143
1712012400076,0.0001237463
1712016000460,0.0001436218
1712019600088,1.25e-05
1712023200410,1.25e-05
1712026800157,1.25e-05
1712030400080,1.25e-05
1712034000186,1.25e-05
1712037600111,1.25e-05
1712041200006,7.33897e-05
1712044800182,8.84435e-05
1712048400426,5.23684e-05
1712052000335,3.78395e-05
1712055600162,3.29331e-05
1712059200115,4.89587e-05
1712062800237,2.47303e-05
1712066400220,2.77439e-05
1712070000055,1.25e-05
1712073600428,1.25e-05
1712077200088,1.25e-05
1712080800366,1.25e-05
1712084400291,1.25e-05
1712088000224,2.46617e-05
1712091600365,1.59704e-05
1712095200125,1.38742e-05
1712098800188,2.71818e-05
1712102400447,2.10806e-05
1712106000030,1.25e-05
1712109600334,4.68386e-05
1712113200047,6.80574e-05
1712116800081,8.0833e-05
1712120400244,8.72802e-05
1712124000405,8.48899e-05
1712127600317,5.75328e-05
1712131200138,6.48113e-05
1712134800333,2.58614e-05
1712138400288,2.91318e-05
1712142000454,2.83561e-05
1712145600098,1.25e-05
1712149200374,1.25e-05
1712152800242,1.25e-05
1712156400117,1.25e-05
1712160000377,1.25e-05
1712163600286,1.25e-05
1712167200365,1.25e-05
1712170800189,1.25e-05
1712174400389,1.25e-05
1712178000099,1.25e-05
1712181600344,1.25e-05
1712185200025,1.25e-05
1712188800241,1.46349e-05
1712192400322,1.25e-05
1712196000194,1.25e-05
1712199600351,1.25e-05
1712203200339,1.25e-05
1712206800200,1.25e-05
1712210400017,1.25e-05
1712214000122,1.25e-05
1712217600059,1.25e-05
1712221200002,1.25e-05
1712224800380,1.25e-05
1712228400073,1.25e-05
1712232000032,1.25e-05
1712235600239,1.25e-05
1712239200314,1.27796e-05
1712242800246,2.14798e-05
1712246400200,4.50106e-05
1712250000087,2.09125e-05
1712253600356,1.56318e-05
1712257200037,1.25e-05
1712260800100,1.25e-05
1712264400178,1.25e-05
1712268000093,1.25e-05
1712271600385,1.25e-05
1712275200026,1.25e-05
1712278800433,1.25e-05
1712282400106,1.25e-05
1712286000265,1.25e-05
1712289600031,1.25e-05
1712293200031,1.25e-05
1712296800252,1.25e-05
1712300400433,1.25e-05
1712304000148,1.25e-05
1712307600191,1.25e-05
1712311200055,1.25e-05
1712314800273,1.25e-05
1712318400022,1.25e-05
1712322000030,1.25e-05
1712325600335,1.40923e-05
1712329200311,1.25e-05
1712332800032,2.43069e-05
1712336400007,2.08937e-05
1712340000394,1.94709e-05
1712343600030,2.57445e-05
1712347200032,1.35784e-05
1712350800371,4.5804e-05
1712354400048,4.61575e-05
1712358000281,5.10566e-05
1712361600122,6.43095e-05
1712365200037,4.40557e-05
1712368800413,4.31085e-05
1712372400243,3.42713e-05
1712376000125,1.39099e-05
1712379600068,7.6925e-05
1712383200372,7.66142e-05
1712386800057,8.67146e-05
1712390400029,7.11685e-05
1712394000405,2.49006e-05
1712397600315,3.26724e-05
1712401200244,4.61598e-05
1712404800375,5.58167e-05
1712408400161,5.32398e-05
1712412000351,5.08395e-05
1712415600214,4.10218e-05
1712419200247,2.80054e-05
1712422800333,1.25e-05
1712426400375,1.25e-05
1712430000433,1.25e-05
1712433600312,1.75202e-05
1712437200211,1.25e-05
1712440800407,1.83569e-05
1712444400007,1.25e-05
1712448000118,1.25e-05
1712451600167,1.25e-05
1712455200428,1.25e-05
1712458800348,1.25e-05
1712462400356,1.25e-05
1712466000035,1.25e-05
1712469600159,1.25e-05
1712473200035,1.25e-05
1712476800078,1.25e-05
1712480400035,1.25e-05
1712484000264,2.32531e-05
1712487600196,2.09297e-05
1712491200405,3.19903e-05
1712494800201,2.68427e-05
1712498400026,3.32263e-05
1712502000364,4.28641e-05
1712505600157,6.56421e-05
1712509200110,3.80537e-05
1712512800152,4.84389e-05
1712516400140,2.68469e-05
1712520000089,1.80302e-05
1712523600060,1.25e-05
1712527200169,1.38265e-05
1712530800356,1.25e-05
1712534400009,6.08097e-05
1712538000135,2.97597e-05
1712541600306,3.17853e-05
1712545200317,2.55701e-05
1712548800147,6.07893e-05
1712552400436,1.25e-05
1712556000134,1.25e-05
1712559600293,1.25e-05
1712563200209,1.25e-05
1712566800217,1.25e-05
1712570400393,1.25e-05
1712574000166,1.25e-05
1712577600145,1.43368e-05
1712581200355,2.34649e-05
1712584800124,1.49234e-05
1712588400132,3.65997e-05
1712592000410,7.10335e-05
1712595600008,6.22889e-05
1712599200396,2.24982e-05
1712602800246,4.04629e-05
1712606400149,3.04546e-05
1712610000372,4.76991e-05
1712613600272,5.75745e-05
1712617200030,9.31899e-05
1712620800322,9.09401e-05
1712624400161,5.10945e-05
1712628000058,3.11819e-05
1712631600099,7.71575e-05
1712635200228,6.34429e-05
1712638800259,7.51716e-05
1712642400048,9.10974e-05
1712646000097,7.47241e-05
1712649600227,1.50411e-05
1712653200299,1.25e-05
1712656800161,1.25e-05
1712660400277,1.25e-05
1712664000165,1.74661e-05
1712667600020,2.87266e-05
1712671200067,2.93149e-05
1712674800428,4.17507e-05
1712678400253,2.81778e-05
1712682000043,2.83102e-05
1712685600168,3.11221e-05
1712689200184,3.97724e-05
1712692800032,4.31702e-05
1712696400060,0.0001118226
1712700000042,0.0001116057
1712703600444,0.0001002365
1712707200114,3.28647e-05
1712710800205,1.25e-05
1712714400097,1.25e-05
1712718000311,1.25e-05
1712721600438,1.25e-05
1712725200424,5.29026e-05
1712728800352,6.61076e-05
1712732400155,6.9064e-05
1712736000254,7.93392e-05
1712739600079,5.6101e-05
1712743200027,6.59807e-05
1712746800092,7.03913e-05
1712750400060,7.75927e-05
1712754000168,3.17197e-05
1712757600065,1.25e-05
1712761200319,1.25e-05
1712764800260,1.25e-05
1712768400143,1.25e-05
1712772000090,1.25e-05
1712775600108,1.25e-05
1712779200096,1.25e-05
1712782800369,1.25e-05
1712786400094,1.25e-05
1712790000293,1.25e-05
1712793600013,1.25e-05
1712797200007,1.25e-05
1712800800156,1.25e-05
1712804400066,1.25e-05
1712808000320,2.27363e-05
1712811600120,1.25e-05
1712815200172,1.25e-05
1712818800071,1.25e-05
1712822400197,2.4634e-05
1712826000307,1.25e-05
1712829600261,1.25e-05
1712833200213,1.25e-05
1712836800047,1.25e-05
1712840400004,1.25e-05
1712844000272,5.88166e-05
1712847600104,6.05394e-05
1712851200058,6.7463e-05
1712854800292,3.56462e-05
1712858400198,4.621e-05
1712862000301,5.38702e-05
1712865600119,2.92069e-05
1712869200031,3.62408e-05
1712872800110,5.99811e-05
1712876400177,1.82578e-05
1712880000103,4.75475e-05
1712883600160,1.25e-05
1712887200147,1.25e-05
1712890800100,1.25e-05
1712894400129,4.95775e-05
1712898000191,5.67895e-05
1712901600199,2.90969e-05
1712905200114,3.41534e-05
1712908800056,5.3764e-05
1712912400336,4.25432e-05
1712916000123,4.99398e-05
1712919600034,4.78656e-05
1712923200096,4.84099e-05
1712926800016,1.64374e-05
1712930400123,1.25e-05
1712934000048,1.25e-05
1712937600205,1.25e-05
1712941200427,2.9703e-05
1712944800198,5.16281e-05
1712948400398,3.48476e-05
1712952000001,1.25e-05
1712955600461,3.71464e-05
1712959200163,2.48464e-05
1712962800350,1.70856e-05
1712966400061,3.44036e-05
1712970000077,1.89077e-05
1712973600090,1.71595e-05
1712977200010,2.15553e-05
1712980800053,2.5208e-05
1712984400187,3.62988e-05
1712988000143,5.98593e-05
1712991600120,5.08057e-05
1712995200076,3.85741e-05
1712998800016,1.73251e-05
1713002400020,2.30406e-05
1713006000299,1.82347e-05
1713009600056,2.78028e-05
1713013200066,2.5006e-05
1713016800019,2.34528e-05
1713020400004,2.58173e-05
1713024000075,2.68768e-05
1713027600397,1.25e-05
1713031200338,1.99738e-05
1713034800297,1.25e-05
1713038400197,1.25e-05
1713042000258,1.25e-05
1713045600427,2.80712e-05
1713049200279,7.54264e-05
1713052800368,0.0001442333
1713056400389,1.25e-05
1713060000354,1.25e-05
1713063600241,1.25e-05
1713067200065,1.25e-05
1713070800141,2.60375e-05
1713074400415,0.0001036092
1713078000310,5.19508e-05
1713081600145,4.71867e-05
1713085200376,1.25e-05
1713088800121,1.25e-05
1713092400388,1.25e-05
1713096000143,2.46518e-05
1713099600364,5.30366e-05
1713103200142,7.02577e-05
1713106800413,1.25e-05
1713110400070,1.25e-05
1713114000469,6.43934e-05
1713117600046,2.64957e-05
1713121200246,3.80204e-05
1713124800338,1.33285e-05
1713128400263,2.57396e-05
1713132000141,1.25e-05
1713135600330,1.25e-05
1713139200053,1.25e-05
1713142800358,1.25e-05
1713146400102,2.01371e-05
1713150000087,1.25e-05
1713153600034,1.25e-05
1713157200143,1.25e-05
1713160800257,1.25e-05
1713164400054,1.61775e-05
1713168000385,1.56507e-05
1713171600027,1.94344e-05
1713175200273,4.69521e-05
1713178800068,1.38503e-05
1713182400092,1.25e-05
1713186000280,1.25e-05
1713189600223,1.25e-05
1713193200400,1.25e-05
1713196800184,1.25e-05
1713200400372,1.25e-05
1713204000374,1.25e-05
1713207600053,1.25e-05
1713211200455,1.25e-05
1713214800363,1.25e-05
1713218400015,-7.4821e-06
1713222000071,1.25e-05
1713225600411,1.25e-05
1713229200321,1.25e-05
1713232800136,1.25e-05
1713236400063,1.25e-05
1713240000439,1.25e-05
1713243600049,1.25e-05
1713247200029,1.77305e-05
1713250800191,1.81083e-05
1713254400388,3.18753e-05
1713258000342,1.25e-05
1713261600343,1.67286e-05
1713265200040,1.25e-05
1713268800286,1.25e-05
1713272400054,1.6435e-05
1713276000281,1.25e-05
1713279600348,1.25e-05
1713283200191,1.25e-05
1713286800299,1.25e-05
1713290400406,1.25e-05
1713294000424,1.25e-05
1713297600396,1.25e-05
1713301200189,1.25e-05
1713304800452,2.84567e-05
1713308400410,2.7853e-05
1713312000012,6.38468e-05
1713315600057,3.40381e-05
1713319200388,5.37236e-05
1713322800277,3.95774e-05
1713326400156,1.93752e-05
1713330000333,1.25e-05
1713333600074,1.25e-05
1713337200350,1.25e-05
1713340800334,1.25e-05
1713344400007,1.25e-05
1713348000122,1.25e-05
1713351600102,1.25e-05
1713355200241,1.25e-05
1713358800360,1.25e-05
1713362400017,1.25e-05
1713366000350,1.25e-05
1713369600120,2.54278e-05
1713373200259,6.58439e-05
1713376800053,7.63854e-05
1713380400351,3.57967e-05
1713384000378,1.25e-05
1713387600280,1.25e-05
1713391200097,1.25e-05
1713394800374,1.25e-05
1713398400162,-7.3677e-06
1713402000414,3.6865e-06
1713405600196,1.25e-05
1713409200302,1.25e-05
1713412800309,1.25e-05
1713416400339,1.25e-05
1713420000042,5.9765e-06
1713423600385,-2.55582e-05
1713427200223,-4.04462e-05
1713430800252,-2.4606e-05
1713434400216,-1.32425e-05
1713438000313,1.25e-05
1713441600037,-1.96826e-05
1713445200154,-3.6167e-06
1713448800437,-6.84073e-05
1713452400277,-1.44449e-05
1713456000343,-2.726e-07
1713459600163,1.25e-05
1713463200007,-3.59513e-05
1713466800063,-2.90753e-05
1713470400367,2.3298e-06
1713474000090,-1.794e-06
1713477600125,1.25e-05
1713481200134,1.25e-05
1713484800060,1.25e-05
1713488400401,1.25e-05
1713492000019,4.0766e-06
1713495600004,1.25e-05
1713499200216,1.63608e-05
1713502800435,2.59428e-05
1713506400344,1.25e-05
1713510000448,1.25e-05
1713513600109,1.25e-05
1713517200447,1.25e-05
1713520800241,1.25e-05
1713524400059,7.1993e-06
1713528000155,1.25e-05
1713531600252,1.25e-05
1713535200355,1.25e-05
1713538800219,1.25e-05
1713542400399,6.8981e-06
1713546000335,1.3519e-06
1713549600194,1.0372e-05
1713553200423,1.25e-05
1713556800039,1.25e-05
1713560400186,1.25e-05
1713564000251,1.25e-05
1713567600454,1.25e-05
1713571200394,7.848e-06
1713574800371,1.25e-05
1713578400255,1.25e-05
1713582000199,1.25e-05
1713585600341,1.25e-05
1713589200298,1.62618e-05
1713592800019,1.25e-05
1713596400204,1.25e-05
1713600000087,1.25e-05
1713603600163,1.25e-05
1713607200287,1.25e-05
1713610800275,1.25e-05
1713614400168,1.25e-05
1713618000107,1.25e-05
1713621600138,1.25e-05
1713625200472,1.25e-05
1713628800281,1.25e-05
1713632400410,1.25e-05
1713636000130,1.25e-05
1713639600425,-4.8274e-06
1713643200170,1.25e-05
1713646800044,1.25e-05
1713650400134,-1.07177e-05
1713654000046,1.25e-05
1713657600052,1.25e-05
1713661200112,1.25e-05
1713664800168,1.25e-05
1713668400050,1.25e-05
1713672000153,1.25e-05
1713675600242,1.03887e-05
1713679200030,1.25e-05
1713682800074,-1.15477e-05
1713686400120,-1.06155e-05
1713690000412,1.25e-05
1713693600386,1.25e-05
1713697200204,1.25e-05
1713700800344,1.25e-05
1713704400384,-6.8361e-06
1713708000177,1.25e-05
1713711600175,1.25e-05
1713715200268,1.25e-05
1713718800248,1.25e-05
1713722400315,1.25e-05
1713726000423,1.25e-05
1713729600112,1.25e-05
1713733200211,1.25e-05
1713736800419,1.25e-05
1713740400052,1.25e-05
1713744000334,9.938e-06
1713747600219,1.25e-05
1713751200301,1.25e-05
1713754800063,5.2141e-06
1713758400137,1.25e-05
1713762000039,7.9501e-06
1713765600017,1.25e-05
1713769200358,1.25e-05
1713772800010,5.1035e-06
1713776400100,1.25e-05
1713780000087,3.125e-06
1713783600246,-1.74483e-05
1713787200231,-5.4011e-06
1713790800080,3.0145e-06
1713794400348,9.4369e-06
1713798000058,-1.6538e-05
1713801600158,1.25e-05
1713805200184,1.25e-05
1713808800325,1.25e-05
1713812400002,1.25e-05
1713816000323,1.25e-05
1713819600313,1.25e-05
1713823200123,1.25e-05
1713826800102,1.25e-05
1713830400021,1.25e-05
1713834000445,1.25e-05
1713837600378,1.25e-05
1713841200235,1.25e-05
1713844800218,7.1311e-06
1713848400147,1.25e-05
1713852000125,1.25e-05
1713855600205,1.25e-05
1713859200054,1.25e-05
1713862800128,1.25e-05
1713866400078,1.25e-05
1713870000161,1.25e-05
1713873600359,1.25e-05
1713877200156,1.25e-05
1713880800122,1.25e-05
1713884400010,1.25e-05
1713888000014,1.25e-05
1713891600279,1.25e-05
1713895200391,1.25e-05
1713898800243,1.25e-05
1713902400222,1.25e-05
1713906000276,1.23074e-05
1713909600095,1.25e-05
1713913200357,-1.37973e-05
1713916800159,-8.1411e-06
1713920400089,1.25e-05
1713924000359,1.25e-05
1713927600399,1.25e-05
1713931200269,1.25e-05
1713934800275,1.25e-05
1713938400184,1.25e-05
1713942000019,1.25e-05
1713945600045,-5.4409e-06
1713949200338,1.25e-05
1713952800096,1.25e-05
1713956400002,1.25e-05
1713960000007,1.25e-05
1713963600033,1.25e-05
1713967200032,1.25e-05
1713970800341,1.25e-05
1713974400076,1.25e-05
1713978000002,1.25e-05
1713981600242,1.25e-05
1713985200124,1.15609e-05
1713988800161,1.25e-05
1713992400014,1.25e-05
1713996000121,7.8172e-06
1713999600088,1.25e-05
1714003200042,6.7902e-06
1714006800442,1.25e-05
1714010400254,1.25e-05
1714014000202,1.25e-05
1714017600166,1.25e-05
1714021200271,1.25e-05
1714024800012,-4.26747e-05
1714028400056,-1.6104e-06
1714032000060,4.6363e-06
1714035600221,5.5947e-06
1714039200443,1.25e-05
1714042800310,5.4286e-06
1714046400263,-1.81744e-05
1714050000109,-3.7208e-06
1714053600335,-1.55264e-05
1714057200033,9.0235e-06
1714060800154,1.25e-05
1714064400423,1.25e-05
1714068000200,1.25e-05
1714071600438,1.25e-05
1714075200117,1.25e-05
1714078800020,1.25e-05
1714082400084,1.25e-05
1714086000181,1.25e-05
1714089600168,1.25e-05
1714093200409,1.25e-05
1714096800243,1.25e-05
1714100400060,1.25e-05
1714104000305,1.25e-05
1714107600184,1.25e-05
1714111200461,2.3596e-06
1714114800227,1.44e-07
1714118400110,-8.576e-07
1714122000238,1.25e-05
1714125600020,1.25e-05
1714129200411,1.25e-05
1714132800159,1.25e-05
1714136400102,1.25e-05
1714140000390,1.25e-05
1714143600410,1.25e-05
1714147200226,1.25e-05
1714150800220,1.25e-05
1714154400145,1.25e-05
1714158000060,1.25e-05
1714161600093,1.25e-05
1714165200127,1.25e-05
1714168800259,1.25e-05
1714172400187,1.25e-05
1714176000147,1.25e-05
1714179600019,1.25e-05
1714183200228,1.25e-05
1714186800228,1.25e-05
1714190400090,1.25e-05
1714194000026,1.25e-05
1714197600371,1.25e-05
1714201200128,1.25e-05
1714204800408,1.25e-05
1714208400222,1.25e-05
1714212000005,1.25e-05
1714215600312,1.25e-05
1714219200031,1.25e-05
1714222800063,1.25e-05
1714226400452,1.25e-05
1714230000033,1.25e-05
1714233600277,1.25e-05
1714237200338,1.25e-05
1714240800113,1.25e-05
1714244400156,1.25e-05
1714248000350,1.25e-05
1714251600189,1.25e-05
1714255200415,1.25e-05
1714258800085,1.25e-05
1714262400141,1.25e-05
1714266000018,1.25e-05
1714269600333,1.25e-05
1714273200019,1.25e-05
1714276800426,1.25e-05
1714280400199,1.25e-05
1714284000170,1.25e-05
1714287600382,1.25e-05
1714291200161,1.25e-05
1714294800059,7.5264e-06
1714298400319,6.004e-06
1714302000081,6.197e-07
1714305600047,1.25e-05
1714309200224,1.25e-05
1714312800087,9.6385e-06
1714316400442,1.25e-05
1714320000433,1.25e-05
1714323600097,1.25e-05
1714327200213,1.25e-05
1714330800002,1.25e-05
1714334400403,1.25e-05
1714338000122,1.25e-05
1714341600309,1.25e-05
1714345200294,1.25e-05
1714348800308,1.25e-05
1714352400432,1.25e-05
1714356000276,1.25e-05
1714359600177,1.25e-05
1714363200217,1.25e-05
1714366800033,1.25e-05
1714370400166,1.25e-05
1714374000172,1.25e-05
1714377600289,1.25e-05
1714381200293,1.25e-05
1714384800191,1.25e-05
1714388400018,1.25e-05
1714392000023,1.25e-05
1714395600131,1.25e-05
1714399200219,1.25e-05
1714402800304,1.25e-05
1714406400063,1.25e-05
1714410000098,1.25e-05
1714413600309,1.25e-05
1714417200121,6.5421e-06
1714420800170,-4.084e-07
1714424400443,-2.3803e-06
1714428000308,-4.1159e-06
1714431600349,4.3797e-06
1714435200027,5.3915e-06
1714438800058,1.25e-05
1714442400157,1.32136e-05
1714446000384,1.25e-05
1714449600010,1.25e-05
1714453200253,1.25e-05
1714456800045,1.19049e-05
1714460400020,1.25e-05
1714464000413,1.25e-05
1714467600192,7.6573e-06
1714471200038,-4.136e-07
1714474800242,-8.833e-07
1714478400380,1.25e-05
1714482000169,1.25e-05
1714485600078,1.25e-05
1714489200169,1.25e-05
1714492800134,1.01064e-05
1714496400242,7.8764e-06
1714500000230,1.25e-05
1714503600047,1.25e-05
1714507200257,1.25e-05
1714510800358,1.25e-05
1714514400185,1.25e-05
1714518000287,1.25e-05
1714521600016,1.25e-05
1714525200181,1.25e-05
1714528800110,1.25e-05
1714532400261,2.0264e-06
1714536000323,1.25e-05
1714539600011,4.4242e-06
1714543200373,2.919e-06
1714546800316,6.7306e-06
1714550400282,1.25e-05
1714554000410,1.25e-05
1714557600259,2.40749e-05
1714561200380,3.38834e-05
1714564800168,3.71768e-05
1714568400412,7.94989e-05
1714572000104,3.41666e-05
1714575600212,1.25e-05
1714579200088,1.25e-05
1714582800147,1.25e-05
1714586400093,1.25e-05
1714590000116,1.25e-05
1714593600132,1.25e-05
1714597200462,1.25e-05
1714600800149,1.25e-05
1714604400098,1.25e-05
1714608000086,1.25e-05
1714611600088,1.25e-05
1714615200099,1.25e-05
1714618800131,1.25e-05
1714622400032,1.25e-05
1714626000084,1.25e-05
1714629600109,1.25e-05
1714633200129,1.25e-05
1714636800088,1.25e-05
1714640400331,1.25e-05
1714644000272,1.25e-05
1714647600064,1.25e-05
1714651200135,1.25e-05
1714654800160,1.25e-05
1714658400021,1.25e-05
1714662000121,1.25e-05
1714665600426,1.25e-05
1714669200238,-6.3916e-06
1714672800040,4.5504e-06
1714676400162,1.25e-05
1714680000019,1.25e-05
1714683600294,1.25e-05
1714687200387,9.802e-06
1714690800100,1.25e-05
1714694400214,1.25e-05
1714698000305,1.25e-05
1714701600187,1.25e-05
1714705200140,1.25e-05
1714708800139,1.25e-05
1714712400299,1.25e-05
1714716000219,1.25e-05
1714719600424,1.25e-05
1714723200270,1.25e-05
1714726800235,-1.3104e-06
1714730400101,1.25e-05
1714734000089,1.25e-05
1714737600139,1.25e-05
1714741200314,-5.3411e-06
1714744800282,-7.41215e-05
1714748400370,-3.01865e-05
1714752000260,-5.38314e-05
1714755600369,3.449e-07
1714759200250,-3.98658e-05
1714762800051,-2.16702e-05
1714766400178,1.25e-05
1714770000061,1.25e-05
1714773600101,1.25e-05
1714777200182,1.25e-05
1714780800123,1.25e-05
1714784400061,1.25e-05
1714788000048,1.25e-05
1714791600293,1.25e-05
1714795200294,1.25e-05
1714798800126,1.25e-05
1714802400234,1.25e-05
1714806000357,1.25e-05
1714809600078,1.25e-05
1714813200344,1.25e-05
1714816800223,1.25e-05
1714820400115,1.25e-05
1714824000310,1.25e-05
1714827600365,1.25e-05
1714831200270,1.25e-05
1714834800050,1.25e-05
1714838400449,1.25e-05
1714842000449,1.25e-05
1714845600099,1.25e-05
1714849200265,1.25e-05
1714852800363,1.25e-05
1714856400393,1.25e-05
1714860000353,5.0932e-06
1714863600241,-1.1727e-06
1714867200083,1.08961e-05
1714870800073,1.25e-05
1714874400323,1.25e-05
1714878000268,1.25e-05
1714881600175,1.25e-05
1714885200441,1.25e-05
1714888800031,1.25e-05
1714892400410,1.25e-05
1714896000031,1.25e-05
1714899600153,1.25e-05
1714903200135,1.25e-05
1714906800094,1.25e-05
1714910400403,1.25e-05
1714914000038,1.25e-05
1714917600123,1.25e-05
1714921200339,1.25e-05
1714924800204,3.12098e-05
1714928400021,1.47239e-05
1714932000205,1.62686e-05
1714935600171,1.25e-05
1714939200173,1.25e-05
1714942800207,4.0432e-06
1714946400185,1.25e-05
1714950000161,1.25e-05
1714953600032,1.25e-05
1714957200091,1.25e-05
1714960800406,1.25e-05
1714964400058,1.25e-05
1714968000075,1.25e-05
1714971600259,1.25e-05
1714975200158,1.25e-05
1714978800129,1.25e-05
1714982400401,1.25e-05
1714986000157,1.25e-05
1714989600413,1.25e-05
1714993200308,1.25e-05
1714996800047,1.25e-05
1715000400398,1.25e-05
1715004000193,2.97824e-05
1715007600001,4.06545e-05
1715011200030,4.20631e-05
1715014800026,1.25e-05
1715018400349,1.25e-05
1715022000449,5.62115e-05
1715025600067,5.45165e-05
1715029200178,7.66728e-05
1715032800046,8.00363e-05
1715036400168,5.25244e-05
1715040000106,8.90549e-05
1715043600030,3.21372e-05
1715047200344,1.25e-05
1715050800403,1.25e-05
1715054400313,1.25e-05
1715058000080,1.25e-05
1715061600097,1.25e-05
1715065200076,3.20001e-05
1715068800005,5.61849e-05
1715072400167,3.21958e-05
1715076000015,2.29645e-05
1715079600233,1.25e-05
1715083200081,1.25e-05
1715086800109,2.35936e-05
1715090400148,5.87454e-05
1715094000048,8.35136e-05
1715097600157,1.88102e-05
1715101200389,1.25e-05
1715104800290,1.25e-05
1715108400191,1.25e-05
1715112000441,1.25e-05
1715115600418,1.25e-05
1715119200434,1.25e-05
1715122800047,1.25e-05
1715126400289,1.25e-05
1715130000272,1.25e-05
1715133600208,1.25e-05
1715137200036,1.25e-05
1715140800080,1.59463e-05
1715144400316,1.25e-05
1715148000049,1.25e-05
1715151600047,1.25e-05
1715155200207,1.25e-05
1715158800306,1.25e-05
1715162400353,1.25e-05
1715166000098,1.25e-05
1715169600318,1.25e-05
1715173200390,1.25e-05
1715176800136,1.25e-05
1715180400115,1.25e-05
1715184000446,1.25e-05
1715187600309,1.25e-05
1715191200267,1.25e-05
1715194800317,1.25e-05
1715198400008,1.25e-05
1715202000040,1.25e-05
1715205600418,1.25e-05
1715209200036,1.25e-05
1715212800424,1.0049e-05
1715216400316,1.25e-05
1715220000145,5.0079e-06
1715223600007,1.25e-05
1715227200211,1.25e-05
1715230800344,-1.07591e-05
1715234400134,-1.77993e-05
1715238000015,-2.39353e-05
1715241600126,-3.48403e-05
1715245200356,-1.60148e-05
1715248800239,-1.80465e-05
1715252400133,-1.78867e-05
1715256000434,1.25e-05
1715259600139,1.25e-05
1715263200317,1.25e-05
1715266800349,1.25e-05
1715270400221,1.25e-05
1715274000027,1.25e-05
1715277600241,1.25e-05
1715281200315,1.25e-05
1715284800233,3.0136e-05
1715288400128,1.25e-05
1715292000043,1.25e-05
1715295600359,1.25e-05
1715299200133,1.25e-05
1715302800074,1.25e-05
1715306400266,1.25e-05
1715310000236,1.25e-05
1715313600024,1.25e-05
1715317200271,1.25e-05
1715320800139,1.25e-05
1715324400399,1.25e-05
1715328000016,3.66416e-05
1715331600381,1.25e-05
1715335200314,1.25e-05
1715338800026,1.25e-05
1715342400267,1.25e-05
1715346000392,2.51005e-05
1715349600354,1.25e-05
1715353200410,1.25e-05
1715356800167,1.25e-05
1715360400015,1.25e-05
1715364000286,1.25e-05
1715367600239,1.27332e-05
1715371200342,1.25e-05
1715374800363,1.25e-05
1715378400214,3.57527e-05
1715382000162,4.12129e-05
1715385600331,3.6847e-05
1715389200070,1.61437e-05
1715392800087,1.25e-05
1715396400205,1.25e-05
1715400000008,1.25e-05
1715403600461,1.25e-05
1715407200127,1.25e-05
1715410800277,1.48741e-05
1715414400353,1.65738e-05
1715418000024,1.25e-05
1715421600254,1.25e-05
1715425200371,1.41664e-05
1715428800408,1.25e-05
1715432400249,1.25e-05
1715436000051,1.25e-05
1715439600303,1.80753e-05
1715443200383,1.25e-05
1715446800120,1.25e-05
1715450400100,1.25e-05
1715454000068,1.25e-05
1715457600275,1.25e-05
1715461200181,1.25e-05
1715464800429,1.25e-05
1715468400286,1.25e-05
1715472000428,1.25e-05
1715475600006,1.37423e-05
1715479200089,1.25e-05
1715482800010,1.25e-05
1715486400135,1.25e-05
1715490000020,1.25e-05
1715493600357,1.7629e-05
1715497200242,1.25e-05
1715500800073,1.25e-05
1715504400166,1.25e-05
1715508000040,1.25e-05
1715511600041,1.25e-05
1715515200090,1.25e-05
1715518800059,1.25e-05
1715522400032,1.25e-05
1715526000023,1.25e-05
1715529600044,1.25e-05
1715533200046,1.25e-05
1715536800025,1.25e-05
1715540400048,1.25e-05
1715544000068,1.25e-05
1715547600129,1.25e-05
1715551200076,1.25e-05
1715554800040,1.25e-05
1715558400077,1.25e-05
1715562000001,1.25e-05
1715565600004,1.25e-05
1715569200013,1.25e-05
1715572800108,1.25e-05
1715576400072,7.367e-06
1715580000119,2.4527e-06
1715583600087,1.25e-05
1715587200116,1.25e-05
1715590800077,1.25e-05
1715594400009,1.25e-05
1715598000101,1.25e-05
1715601600024,1.25e-05
1715605200043,1.25e-05
1715608800106,1.25e-05
1715612400095,1.25e-05
1715616000019,1.25e-05
1715619600113,1.25e-05
1715623200086,1.25e-05
1715626800125,1.25e-05
1715630400122,1.25e-05
1715634000034,1.25e-05
1715637600087,1.25e-05
1715641200130,1.25e-05
1715644800019,1.25e-05
1715648400077,1.25e-05
1715652000015,1.25e-05
1715655600111,1.25e-05
1715659200171,1.25e-05
1715662800025,1.25e-05
1715666400054,1.25e-05
1715670000029,1.25e-05
1715673600120,1.25e-05
1715677200006,1.25e-05
1715680800042,1.25e-05
1715684400061,1.25e-05
1715688000036,1.25e-05
1715691600021,1.25e-05
1715695200007,1.25e-05
1715698800015,1.25e-05
1715702400010,1.25e-05
1715706000060,1.25e-05
1715709600097,1.25e-05
1715713200004,1.25e-05
1715716800075,1.25e-05
1715720400033,3.00143e-05
1715724000077,2.93582e-05
1715727600052,4.17732e-05
1715731200085,7.37797e-05
1715734800057,3.28169e-05
1715738400037,1.25e-05
1715742000002,2.86293e-05
1715745600095,4.76058e-05
1715749200162,1.25e-05
1715752800108,3.63045e-05
1715756400074,4.004e-05
1715760000082,5.77833e-05
1715763600104,3.62483e-05
1715767200099,4.02485e-05
1715770800105,2.99449e-05
1715774400059,1.25e-05
1715778000024,1.25e-05
1715781600076,1.25e-05
1715785200007,1.25e-05
1715788800035,7.8052e-06
1715792400017,1.25e-05
1715796000095,1.25e-05
1715799600109,1.25e-05
1715803200110,1.3488e-06
1715806800155,1.25e-05
1715810400140,1.25e-05
1715814000095,1.25e-05
1715817600124,1.25e-05
1715821200084,1.25e-05
1715824800052,1.25e-05
1715828400085,1.25e-05
1715832000089,1.25e-05
1715835600112,1.25e-05
1715839200018,1.25e-05
1715842800080,1.25e-05
1715846400111,-5.9942e-06
1715850000036,1.25e-05
1715853600124,1.25e-05
1715857200116,1.25e-05
1715860800081,1.25e-05
1715864400116,1.25e-05
1715868000017,1.25e-05
1715871600044,1.25e-05
1715875200044,1.25e-05
1715878800052,6.6138e-06
1715882400014,4.428e-07
1715886000061,-7.2555e-06
1715889600035,1.25e-05
1715893200129,1.25e-05
1715896800086,1.25e-05
1715900400101,1.65098e-05
1715904000073,3.34826e-05
1715907600087,2.39219e-05
1715911200161,1.25e-05
1715914800085,1.25e-05
1715918400104,1.25e-05
1715922000087,1.25e-05
1715925600074,1.25e-05
1715929200019,1.25e-05
1715932800110,1.25e-05
1715936400062,1.25e-05
1715940000157,1.25e-05
1715943600071,1.25e-05
1715947200027,1.25e-05
1715950800067,1.25e-05
1715954400040,1.25e-05
1715958000010,1.25e-05
1715961600106,1.25e-05
1715965200002,1.25e-05
1715968800042,1.25e-05
1715972400087,1.25e-05
1715976000117,1.42485e-05
1715979600110,1.25e-05
1715983200004,1.25e-05
1715986800093,1.25e-05
1715990400132,1.25e-05
1715994000125,1.25e-05
1715997600096,1.25e-05
1716001200044,1.25e-05
1716004800152,1.25e-05
1716008400006,1.25e-05
1716012000057,1.25e-05
1716015600148,1.25e-05
1716019200090,1.25e-05
1716022800107,1.25e-05
1716026400025,1.25e-05
1716030000115,1.25e-05
1716033600084,1.25e-05
1716037200134,1.25e-05
1716040800031,1.25e-05
1716044400023,4.5108e-06
1716048000016,1.25e-05
1716051600066,1.25e-05
1716055200169,1.25e-05
1716058800104,1.25e-05
1716062400047,1.25e-05
1716066000082,1.25e-05
1716069600087,1.25e-05
1716073200085,1.25e-05
1716076800037,1.25e-05
1716080400042,1.25e-05
1716084000049,1.25e-05
1716087600104,1.25e-05
1716091200003,1.25e-05
1716094800112,1.25e-05
1716098400056,1.25e-05
1716102000050,1.25e-05
1716105600056,1.25e-05
1716109200058,1.25e-05
1716112800146,1.25e-05
1716116400038,1.25e-05
1716120000014,1.25e-05
1716123600136,1.25e-05
1716127200026,1.25e-05
1716130800013,9.5148e-06
1716134400045,1.25e-05
1716138000053,1.08438e-05
1716141600014,1.25e-05
1716145200093,-1.06556e-05
1716148800037,-2.058e-06
1716152400058,-6.0401e-06
1716156000040,7.6263e-06
1716159600035,1.25e-05
1716163200089,1.25e-05
1716166800039,1.25e-05
1716170400118,1.25e-05
1716174000069,1.25e-05
1716177600057,1.8396e-05
1716181200003,1.25e-05
1716184800090,1.25e-05
1716188400008,1.25e-05
1716192000025,1.25e-05
1716195600017,1.25e-05
1716199200098,1.25e-05
1716202800002,1.25e-05
1716206400060,1.25e-05
1716210000072,1.25e-05
1716213600118,1.25e-05
1716217200027,2.4012e-06
1716220800076,1.25e-05
1716224400097,1.25e-05
1716228000001,-2.08092e-05
1716231600048,-2.19048e-05
1716235200036,9.0724e-06
1716238800080,1.25e-05
1716242400011,1.25e-05
1716246000037,-4.01939e-05
1716249600004,1.25e-05
1716253200022,1.25e-05
1716256800081,1.25e-05
1716260400008,1.25e-05
1716264000005,1.25e-05
1716267600005,1.25e-05
1716271200059,1.25e-05
1716274800253,1.25e-05
1716278400076,1.25e-05
1716282000000,1.25e-05
1716285600090,1.25e-05
1716289200088,1.25e-05
1716292800108,1.25e-05
1716296400039,1.25e-05
1716300000024,9.8984e-06
1716303600124,-1.37274e-05
1716307200017,1.25e-05
1716310800048,1.25e-05
1716314400084,1.80438e-05
1716318000000,1.25e-05
1716321600158,1.25e-05
1716325200088,1.25e-05
1716328800062,1.25e-05
1716332400119,1.25e-05
1716336000102,1.34301e-05
1716339600105,1.25e-05
1716343200049,1.25e-05
1716346800135,1.25e-05
1716350400125,1.97496e-05
1716354000085,1.25e-05
1716357600134,1.25e-05
1716361200083,1.25e-05
1716364800099,1.25e-05
1716368400131,1.25e-05
1716372000024,1.25e-05
1716375600038,1.25e-05
1716379200087,1.91597e-05
1716382800063,1.25e-05
1716386400062,1.25e-05
1716390000006,1.48693e-05
1716393600118,4.11157e-05
1716397200027,1.25e-05
1716400800002,1.25e-05
1716404400000,1.77569e-05
1716408000024,3.65663e-05
1716411600037,6.35887e-05
1716415200059,1.25e-05
1716418800101,1.30078e-05
1716422400009,1.67429e-05
1716426000040,2.96664e-05
1716429600053,1.25e-05
1716433200027,1.25e-05
1716436800078,1.25e-05
1716440400135,1.25e-05
1716444000097,1.25e-05
1716447600068,1.25e-05
1716451200093,1.25e-05
1716454800094,2.95921e-05
1716458400128,1.25e-05
1716462000027,1.25e-05
1716465600080,1.25e-05
1716469200000,1.25e-05
1716472800070,1.25e-05
1716476400025,1.25e-05
1716480000047,1.25e-05
1716483600032,1.25e-05
1716487200039,1.25e-05
1716490800022,1.25e-05
1716494400060,1.25e-05
1716498000050,1.25e-05
1716501600120,1.25e-05
1716505200175,1.25e-05
1716508800040,1.96656e-05
1716512400003,1.77036e-05
1716516000067,1.25e-05
1716519600011,1.25e-05
1716523200072,1.25e-05
1716526800037,1.25e-05
1716530400076,1.25e-05
1716534000067,1.25e-05
1716537600143,1.25e-05
1716541200123,1.25e-05
1716544800127,1.25e-05
1716548400127,1.25e-05
1716552000027,1.25e-05
1716555600084,1.25e-05
1716559200000,1.25e-05
1716562800157,1.25e-05
1716566400022,1.25e-05
1716570000132,1.25e-05
1716573600070,1.25e-05
1716577200084,1.25e-05
1716580800153,1.25e-05
1716584400120,1.25e-05
1716588000096,1.25e-05
1716591600045,1.25e-05
1716595200025,1.25e-05
1716598800033,1.25e-05
1716602400090,1.25e-05
1716606000050,1.25e-05
1716609600000,1.25e-05
1716613200133,1.25e-05
1716616800108,1.25e-05
1716620400046,1.25e-05
1716624000074,1.25e-05
1716627600053,1.25e-05
1716631200096,1.25e-05
1716634800027,1.25e-05
1716638400146,1.25e-05
1716642000048,1.25e-05
1716645600019,1.25e-05
1716649200078,1.25e-05
1716652800085,1.25e-05
1716656400104,1.25e-05
1716660000009,1.25e-05
1716663600010,1.25e-05
1716667200023,1.25e-05
1716670800049,1.25e-05
1716674400005,1.25e-05
1716678000083,1.25e-05
1716681600092,1.25e-05
1716685200043,1.25e-05
1716688800115,1.25e-05
1716692400077,1.25e-05
1716696000087,1.25e-05
1716699600029,1.25e-05
1716703200033,1.25e-05
1716706800103,1.25e-05
1716710400109,1.25e-05
1716714000097,1.25e-05
1716717600051,1.25e-05
1716721200071,1.25e-05
1716724800004,1.25e-05
1716728400081,2.31119e-05
1716732000019,5.028e-05
1716735600084,3.23045e-05
1716739200046,3.84382e-05
1716742800172,5.5786e-05
1716746400110,4.66717e-05
1716750000069,6.06476e-05
1716753600130,7.01623e-05
1716757200071,6.52909e-05
1716760800178,4.62214e-05
1716764400050,4.14269e-05
1716768000012,3.6722e-05
1716771600046,5.73579e-05
1716775200015,5.65757e-05
1716778800078,3.34393e-05
1716782400039,5.37566e-05
1716786000034,5.43315e-05
1716789600011,4.70649e-05
1716793200012,6.01132e-05
1716796800127,7.60963e-05
1716800400014,5.62049e-05
1716804000152,4.84968e-05
1716807600015,5.10481e-05
1716811200046,6.25838e-05
1716814800068,7.70327e-05
1716818400022,0.0001029518
1716822000021,4.97912e-05
1716825600098,3.73628e-05
1716829200110,2.06349e-05
1716832800076,2.41896e-05
1716836400020,4.29239e-05
1716840000029,1.90708e-05
1716843600053,5.88331e-05
1716847200068,6.89288e-05
1716850800043,6.33211e-05
1716854400180,4.72602e-05
1716858000054,4.6318e-05
1716861600034,2.18349e-05
1716865200012,1.74513e-05
1716868800059,1.25e-05
1716872400083,1.25e-05
1716876000026,1.25e-05
1716879600014,1.25e-05
1716883200092,1.25e-05
1716886800099,1.25e-05
1716890400011,1.60391e-05
1716894000013,1.69371e-05
1716897600027,1.25e-05
1716901200109,2.06215e-05
1716904800001,4.50625e-05
1716908400007,4.10096e-05
1716912000097,5.7584e-05
1716915600023,4.20574e-05
1716919200043,5.39533e-05
1716922800011,5.63723e-05
1716926400078,9.97105e-05
1716930000120,7.53838e-05
1716933600077,7.66783e-05
1716937200010,0.0001249756
1716940800118,3.90825e-05
1716944400038,7.79224e-05
1716948000102,9.70057e-05
1716951600022,0.0001040007
1716955200025,0.0001112952
1716958800069,0.0001280296
1716962400111,2.9227e-05
1716966000111,4.12355e-05
1716969600115,2.2628e-05
1716973200100,3.52361e-05
1716976800001,1.83018e-05
1716980400107,5.00535e-05
1716984000034,3.90182e-05
1716987600128,5.42745e-05
1716991200076,6.47985e-05
1716994800108,3.58336e-05
1716998400073,1.31006e-05
1717002000019,2.78297e-05
1717005600013,5.26746e-05
1717009200038,6.59008e-05
1717012800029,6.72518e-05
1717016400079,8.80816e-05
1717020000050,8.11493e-05
1717023600083,6.57639e-05
1717027200141,6.98257e-05
1717030800051,3.96635e-05
1717034400057,4.95982e-05
1717038000033,7.88871e-05
1717041600015,3.05627e-05
1717045200016,5.10027e-05
1717048800140,2.90973e-05
1717052400110,1.86577e-05
1717056000013,1.26379e-05
1717059600079,1.25e-05
1717063200079,2.91924e-05
1717066800039,3.78108e-05
1717070400025,1.25e-05
1717074000035,2.98859e-05
1717077600038,2.62793e-05
1717081200018,1.25e-05
1717084800137,1.25e-05
1717088400050,1.25e-05
1717092000070,1.25e-05
1717095600016,1.25e-05
1717099200024,1.25e-05
1717102800094,2.66973e-05
1717106400108,1.25e-05
1717110000071,1.25e-05
1717113600057,1.25e-05
1717117200124,1.25e-05
1717120800062,1.25e-05
1717124400104,1.74896e-05
1717128000110,1.25e-05
1717131600001,1.94289e-05
1717135200122,1.96624e-05
1717138800081,1.25e-05
1717142400092,1.25e-05
1717146000113,1.25e-05
1717149600048,1.25e-05
1717153200109,1.25e-05
1717156800106,1.25e-05
1717160400025,2.90303e-05
1717164000111,4.09866e-05
1717167600105,1.25e-05
1717171200124,6.48839e-05
1717174800074,5.82299e-05
1717178400080,6.43432e-05
1717182000123,4.78361e-05
1717185600072,2.22453e-05
1717189200035,1.25e-05
1717192800069,1.25e-05
1717196400062,2.10657e-05
1717200000073,2.00073e-05
1717203600165,3.00994e-05
1717207200110,3.39201e-05
1717210800122,4.34533e-05
1717214400101,4.75573e-05
1717218000014,5.70376e-05
1717221600087,5.30236e-05
1717225200083,3.96906e-05
1717228800169,6.07276e-05
1717232400115,4.93363e-05
1717236000077,3.80164e-05
1717239600030,4.5025e-05
1717243200012,5.81982e-05
1717246800040,5.18163e-05
1717250400016,5.95688e-05
1717254000036,2.98899e-05
1717257600026,3.05979e-05
1717261200050,1.25e-05
1717264800075,1.25e-05
1717268400043,1.25e-05
1717272000046,2.12895e-05
1717275600027,3.17243e-05
1717279200042,1.88179e-05
1717282800050,1.5821e-05
1717286400064,2.96385e-05
1717290000107,1.25e-05
1717293600063,1.25e-05
1717297200047,1.25e-05
1717300800053,1.25e-05
1717304400018,1.25e-05
1717308000022,1.25e-05
1717311600026,1.25e-05
1717315200025,1.25e-05
1717318800023,1.25e-05
1717322400035,1.25e-05
1717326000026,1.25e-05
1717329600036,1.95499e-05
1717333200029,1.25e-05
1717336800044,1.25e-05
1717340400101,2.12814e-05
1717344000032,3.54963e-05
1717347600094,1.25e-05
1717351200123,1.25e-05
1717354800027,1.25e-05
1717358400001,2.84146e-05
1717362000101,2.68571e-05
1717365600102,1.36582e-05
1717369200035,3.40843e-05
1717372800103,3.45249e-05
1717376400031,1.25e-05
1717380000093,2.68792e-05
1717383600073,5.34152e-05
1717387200178,6.88953e-05
1717390800099,6.99317e-05
1717394400056,7.33333e-05
1717398000061,0.0001123955
1717401600140,6.57064e-05
1717405200022,3.73436e-05
1717408800002,3.41445e-05
1717412400154,2.8334e-05
1717416000072,7.9003e-05
1717419600019,9.91834e-05
1717423200012,9.18994e-05
1717426800060,7.03432e-05
1717430400084,0.0001042901
1717434000018,2.74016e-05
1717437600030,1.25e-05
1717441200089,6.19909e-05
1717444800081,2.77395e-05
1717448400000,6.72641e-05
1717452000002,2.01407e-05
1717455600099,1.79066e-05
1717459200140,1.25e-05
1717462800082,2.39428e-05
1717466400017,2.9081e-05
1717470000083,4.80434e-05
1717473600033,6.5947e-05
1717477200076,7.87166e-05
1717480800003,8.41728e-05
1717484400121,4.12054e-05
1717488000155,7.6557e-05
1717491600125,5.71641e-05
1717495200071,1.25e-05
1717498800072,1.25e-05
1717502400161,3.21053e-05
1717506000071,4.8634e-05
1717509600069,3.93101e-05
1717513200025,2.84362e-05
1717516800130,1.47386e-05
1717520400022,3.31481e-05
1717524000137,3.74898e-05
1717527600142,2.96528e-05
1717531200132,3.1838e-05
1717534800004,3.88837e-05
1717538400075,5.57717e-05
1717542000016,1.71175e-05
1717545600053,1.65451e-05
1717549200081,5.153e-05
1717552800140,6.19543e-05
1717556400086,4.4088e-05
1717560000115,4.96201e-05
1717563600050,5.67375e-05
1717567200082,1.50303e-05
1717570800089,2.47437e-05
1717574400106,4.92361e-05
1717578000119,1.25e-05
1717581600128,1.25e-05
1717585200054,1.25e-05
1717588800031,1.25e-05
1717592400033,1.25e-05
1717596000082,1.25e-05
1717599600140,1.25e-05
1717603200025,1.25e-05
1717606800001,1.25e-05
1717610400033,1.25e-05
1717614000045,1.25e-05
1717617600065,1.25e-05
1717621200083,1.25e-05
1717624800022,1.25e-05
1717628400029,1.25e-05
1717632000101,1.25e-05
1717635600156,1.25e-05
1717639200015,1.25e-05
1717642800117,1.25e-05
1717646400083,1.25e-05
1717650000114,1.25e-05
1717653600074,1.25e-05
1717657200025,1.25e-05
1717660800098,1.25e-05
1717664400037,1.25e-05
1717668000078,1.25e-05
1717671600011,1.26582e-05
1717675200054,1.77196e-05
1717678800102,1.78958e-05
1717682400023,1.25e-05
1717686000130,1.25e-05
1717689600024,1.25e-05
1717693200013,1.25e-05
1717696800046,1.25e-05
1717700400122,1.25e-05
1717704000036,1.25e-05
1717707600003,1.25e-05
1717711200107,1.33534e-05
1717714800006,1.37628e-05
1717718400093,1.25e-05
1717722000095,1.25e-05
1717725600039,1.25e-05
1717729200044,1.25e-05
1717732800067,1.25e-05
1717736400067,1.25e-05
1717740000098,3.4681e-05
1717743600057,5.14998e-05
1717747200069,3.85441e-05
1717750800117,1.25e-05
1717754400158,1.25e-05
1717758000004,5.16539e-05
1717761600038,4.76051e-05
1717765200099,1.25e-05
1717768800102,1.25e-05
1717772400048,1.25e-05
1717776000104,1.25e-05
1717779600030,1.25e-05
1717783200124,1.25e-05
1717786800076,8.12426e-05
1717790400137,7.33797e-05
1717794000028,9.66241e-05
1717797600016,0.0001116674
1717801200043,8.04124e-05
1717804800009,5.93129e-05
1717808400033,4.81872e-05
1717812000124,3.20936e-05
1717815600088,3.94599e-05
1717819200075,5.02274e-05
1717822800036,6.20332e-05
1717826400005,4.14123e-05
1717830000024,4.59167e-05
1717833600002,5.94214e-05
1717837200043,4.17584e-05
1717840800058,2.51717e-05
1717844400095,2.32134e-05
1717848000031,2.20196e-05
1717851600117,2.18027e-05
1717855200040,2.50065e-05
1717858800103,2.08909e-05
1717862400073,2.18573e-05
1717866000066,1.25e-05
1717869600106,1.5963e-05
1717873200116,2.93855e-05
1717876800112,3.01022e-05
1717880400093,2.40584e-05
1717884000076,3.39955e-05
1717887600024,1.25e-05
1717891200099,1.38156e-05
1717894800037,1.25e-05
1717898400129,1.25e-05
1717902000025,1.25e-05
1717905600092,1.25e-05
1717909200084,1.29969e-05
1717912800065,1.25e-05
1717916400069,1.25e-05
1717920000092,4.41012e-05
1717923600053,4.05982e-05
1717927200147,4.6583e-05
1717930800469,4.17831e-05
1717934400016,4.69969e-05
1717938000111,5.499e-05
1717941600123,4.83134e-05
1717945200135,4.19223e-05
1717948800045,2.04558e-05
1717952400085,1.25e-05
1717956000035,1.25e-05
1717959600044,1.25e-05
1717963200048,2.02766e-05
1717966800036,1.25e-05
1717970400163,1.61105e-05
1717974000094,1.25e-05
1717977600001,1.25e-05
1717981200076,1.25e-05
1717984800055,1.25e-05
1717988400001,1.25e-05
1717992000069,1.25e-05
1717995600069,1.25e-05
1717999200073,1.25e-05
1718002800078,1.25e-05
1718006400055,1.25e-05
1718010000060,1.25e-05
1718013600157,1.25e-05
1718017200061,1.25e-05
1718020800001,1.25e-05
1718024400120,1.25e-05
1718028000120,1.25e-05
1718031600052,2.09552e-05
1718035200048,4.18888e-05
1718038800061,1.25e-05
1718042400024,1.25e-05
1718046000123,1.25e-05
1718049600028,1.25e-05
1718053200013,2.36341e-05
1718056800139,1.69677e-05
1718060400092,1.25e-05
1718064000097,1.86873e-05
1718067600092,1.25e-05
1718071200098,1.25e-05
1718074800081,1.25e-05
1718078400030,1.25e-05
1718082000104,1.25e-05
1718085600027,1.25e-05
1718089200038,1.25e-05
1718092800027,1.25e-05
1718096400165,1.25e-05
1718100000094,1.25e-05
1718103600007,2.06675e-05
1718107200028,5.28183e-05
1718110800088,5.30092e-05
1718114400126,3.67544e-05
1718118000128,4.33427e-05
1718121600045,5.62219e-05
1718125200061,5.99967e-05
1718128800071,4.42895e-05
1718132400073,8.32061e-05
1718136000100,9.64106e-05
1718139600104,0.0001106762
1718143200035,0.0001100749
1718146800106,0.0001192257
1718150400081,5.39257e-05
1718154000105,3.31802e-05
1718157600112,3.25941e-05
1718161200066,6.20447e-05
1718164800009,1.97491e-05
1718168400079,4.85887e-05
1718172000109,3.10615e-05
1718175600055,2.77869e-05
1718179200104,1.56974e-05
1718182800056,1.26003e-05
1718186400036,3.12085e-05
1718190000073,4.61407e-05
1718193600035,3.43556e-05
1718197200096,1.25e-05
1718200800077,1.25e-05
1718204400112,1.25e-05
1718208000103,1.25e-05
1718211600126,1.25e-05
1718215200083,1.25e-05
1718218800105,1.25e-05
1718222400083,1.25e-05
1718226000117,4.64394e-05
1718229600066,4.76584e-05
1718233200029,1.25e-05
1718236800042,1.25e-05
1718240400050,1.25e-05
1718244000006,1.25e-05
1718247600006,1.25e-05
1718251200123,1.25e-05
1718254800052,1.25e-05
1718258400005,1.39262e-05
1718262000143,1.50419e-05
1718265600066,3.50783e-05
1718269200082,1.70459e-05
1718272800076,1.25e-05
1718276400115,1.25e-05
1718280000100,1.25e-05
1718283600110,2.19579e-05
1718287200026,4.53969e-05
1718290800135,6.86496e-05
1718294400093,1.25e-05
1718298000015,1.78828e-05
1718301600023,3.45738e-05
1718305200103,4.38659e-05
1718308800012,5.716e-05
1718312400076,7.54643e-05
1718316000073,8.93022e-05
1718319600005,0.000108574
1718323200031,7.11216e-05
1718326800018,3.16015e-05
1718330400004,1.25e-05
1718334000111,1.25e-05
1718337600102,1.25e-05
1718341200146,1.86496e-05
1718344800001,1.25e-05
1718348400072,1.25e-05
1718352000105,1.25e-05
1718355600036,1.25e-05
1718359200037,1.25e-05
1718362800088,1.25e-05
1718366400008,1.25e-05
1718370000101,2.00907e-05
1718373600061,2.58812e-05
1718377200027,1.25e-05
1718380800119,1.25e-05
1718384400076,1.25e-05
1718388000114,1.25e-05
1718391600042,1.25e-05
1718395200103,1.25e-05
1718398800072,1.25e-05
1718402400097,1.25e-05
1718406000080,1.25e-05
1718409600050,1.25e-05
1718413200101,1.25e-05
1718416800020,1.25e-05
1718420400115,1.25e-05
1718424000099,1.25e-05
1718427600095,1.25e-05
1718431200063,1.25e-05
1718434800044,1.25e-05
1718438400027,1.25e-05
1718442000041,1.25e-05
1718445600108,1.25e-05
1718449200019,1.25e-05
1718452800101,1.25e-05
1718456400016,1.25e-05
1718460000096,1.25e-05
1718463600010,1.25e-05
1718467200106,1.25e-05
1718470800080,1.25e-05
1718474400092,1.25e-05
1718478000027,1.25e-05
1718481600040,1.25e-05
1718485200053,1.25e-05
1718488800055,1.25e-05
1718492400068,1.25e-05
1718496000002,1.25e-05
1718499600024,1.25e-05
1718503200045,1.25e-05
1718506800007,1.25e-05
1718510400008,1.25e-05
1718514000007,1.25e-05
1718517600064,1.25e-05
1718521200113,1.25e-05
1718524800091,1.25e-05
1718528400010,1.25e-05
1718532000025,1.25e-05
1718535600000,1.25e-05
1718539200012,1.25e-05
1718542800089,1.25e-05
1718546400061,1.25e-05
1718550000035,1.25e-05
1718553600061,1.25e-05
1718557200011,1.25e-05
1718560800028,1.25e-05
1718564400020,1.25e-05
1718568000027,1.25e-05
1718571600002,1.25e-05
1718575200065,1.25e-05
1718578800077,1.25e-05
1718582400103,1.25e-05
1718586000105,1.37528e-05
1718589600011,1.25e-05
1718593200009,1.25e-05
1718596800111,1.25e-05
1718600400032,1.25e-05
1718604000013,1.25e-05
1718607600092,2.20938e-05
1718611200046,1.25e-05
1718614800056,1.25e-05
1718618400131,9.89677e-05
1718622000108,1.25e-05
1718625600074,1.25e-05
1718629200030,1.66884e-05
1718632800029,1.25e-05
1718636400087,3.31953e-05
1718640000005,3.56809e-05
1718643600003,1.25e-05
1718647200121,2.34771e-05
1718650800006,5.01007e-05
1718654400041,8.69711e-05
1718658000092,1.25e-05
1718661600088,1.25e-05
1718665200019,1.55825e-05
1718668800094,2.095e-05
1718672400084,1.25e-05
1718676000091,1.25e-05
1718679600013,1.25e-05
1718683200056,2.01671e-05
1718686800086,2.95097e-05
1718690400027,3.65948e-05
1718694000009,3.73181e-05
1718697600081,5.89054e-05
1718701200040,3.36233e-05
1718704800030,3.84252e-05
1718708400016,3.17162e-05
1718712000093,5.48322e-05
1718715600054,1.25e-05
1718719200010,2.86695e-05
1718722800037,1.25e-05
1718726400008,1.25e-05
1718730000065,1.25e-05
1718733600021,2.11257e-05
1718737200116,1.25e-05
1718740800116,1.25e-05
1718744400016,1.4802e-05
1718748000153,4.13189e-05
1718751600113,4.27894e-05
1718755200084,1.74023e-05
1718758800021,3.03715e-05
1718762400081,1.25e-05
1718766000038,1.25e-05
1718769600088,1.25e-05
1718773200048,1.25e-05
1718776800110,1.25e-05
1718780400034,3.32491e-05
1718784000114,2.47339e-05
1718787600065,1.25e-05
1718791200037,1.25e-05
1718794800046,1.25e-05
1718798400056,1.69101e-05
1718802000001,1.25e-05
1718805600097,1.25e-05
1718809200006,1.25e-05
1718812800056,1.25e-05
1718816400041,1.25e-05
1718820000052,2.81979e-05
1718823600050,3.17414e-05
1718827200036,3.29281e-05
1718830800069,3.58496e-05
1718834400182,7.29402e-05
1718838000078,5.27414e-05
1718841600058,1.25e-05
1718845200077,2.71902e-05
1718848800056,3.97695e-05
1718852400074,5.52303e-05
1718856000083,6.76586e-05
1718859600061,4.8605e-05
1718863200014,4.73099e-05
1718866800013,3.0042e-05
1718870400039,1.25e-05
1718874000001,1.25e-05
1718877600076,1.25e-05
1718881200048,1.25e-05
1718884800068,1.25e-05
1718888400090,1.25e-05
1718892000106,1.25e-05
1718895600025,1.25e-05
1718899200066,1.25e-05
1718902800129,1.25e-05
1718906400056,1.25e-05
1718910000001,1.25e-05
1718913600060,1.78436e-05
1718917200000,4.22949e-05
1718920800010,2.27057e-05
1718924400161,3.9899e-05
1718928000083,1.72986e-05
1718931600004,1.25e-05
1718935200110,2.67438e-05
1718938800022,3.24196e-05
1718942400074,1.25e-05
1718946000089,1.25e-05
1718949600007,3.35694e-05
1718953200048,2.92452e-05
1718956800106,1.25e-05
1718960400104,1.25e-05
1718964000104,1.25e-05
1718967600036,1.25e-05
1718971200029,1.25e-05
1718974800010,1.25e-05
1718978400082,1.25e-05
1718982000100,1.25e-05
1718985600026,1.25e-05
1718989200042,1.25e-05
1718992800047,1.25e-05
1718996400016,1.25e-05
1719000000024,1.25e-05
1719003600017,1.25e-05
1719007200000,1.25e-05
1719010800035,1.25e-05
1719014400071,1.25e-05
1719018000090,1.25e-05
1719021600101,1.25e-05
1719025200001,1.25e-05
1719028800127,1.25e-05
1719032400071,1.25e-05
1719036000037,1.25e-05
1719039600056,1.25e-05
1719043200090,1.25e-05
1719046800000,1.25e-05
1719050400044,1.25e-05
1719054000064,1.25e-05
1719057600008,1.25e-05
1719061200056,1.25e-05
1719064800056,1.25e-05
1719068400058,1.25e-05
1719072000013,1.25e-05
1719075600080,1.25e-05
1719079200081,1.25e-05
1719082800000,1.25e-05
1719086400081,1.25e-05
1719090000065,1.25e-05
1719093600050,1.25e-05
1719097200153,1.25e-05
1719100800052,1.25e-05
1719104400032,1.25e-05
1719108000063,1.25e-05
1719111600019,1.25e-05
1719115200038,1.25e-05
1719118800023,1.69229e-05
1719122400081,2.55847e-05
1719126000064,2.9893e-05
1719129600100,2.77538e-05
1719133200011,2.65987e-05
1719136800002,1.25e-05
1719140400082,1.25e-05
1719144000063,1.25e-05
1719147600150,1.25e-05
1719151200090,1.25e-05
1719154800167,1.25e-05
1719158400099,1.25e-05
1719162000009,5.3068e-06
1719165600136,1.25e-05
1719169200053,1.25e-05
1719172800072,1.25e-05
1719176400087,4.5772e-06
1719180000099,-5.4606e-06
1719183600100,3.484e-07
1719187200109,-9.1716e-06
1719190800024,-8.8575e-06
1719194400140,8.813e-07
1719198000026,-4.1453e-06
1719201600087,1.10461e-05
1719205200015,1.25e-05
1719208800050,5.3922e-06
1719212400065,1.25e-05
1719216000047,1.25e-05
1719219600073,1.25e-05
1719223200060,-4.40166e-05
1719226800010,-7.6151e-06
1719230400006,-2.16768e-05
1719234000075,8.0751e-06
1719237600107,1.25e-05
1719241200075,1.25e-05
1719244800047,1.25e-05
1719248400036,1.25e-05
1719252000062,1.25e-05
1719255600047,1.18695e-05
1719259200094,1.25e-05
1719262800233,1.25e-05
1719266400013,1.25e-05
1719270000093,1.25e-05
1719273600074,1.25e-05
1719277200048,1.25e-05
1719280800053,1.25e-05
1719284400010,1.25e-05
1719288000058,1.44219e-05
1719291600021,1.25e-05
1719295200143,1.25e-05
1719298800022,1.25e-05
1719302400079,1.75061e-05
1719306000129,1.25e-05
1719309600021,1.25e-05
1719313200023,1.25e-05
1719316800112,1.25e-05
1719320400031,1.25e-05
1719324000016,1.25e-05
1719327600149,1.25e-05
1719331200028,1.25e-05
1719334800075,1.25e-05
1719338400085,1.25e-05
1719342000082,1.25e-05
1719345600003,1.25e-05
1719349200146,1.25e-05
1719352800034,1.25e-05
1719356400042,1.25e-05
1719360000073,1.25e-05
1719363600015,1.25e-05
1719367200083,1.25e-05
1719370800046,1.25e-05
1719374400074,1.25e-05
1719378000155,1.25e-05
1719381600081,1.25e-05
1719385200158,1.25e-05
1719388800097,1.25e-05
1719392400144,1.25e-05
1719396000132,1.25e-05
1719399600008,1.25e-05
1719403200101,1.25e-05
1719406800120,1.25e-05
1719410400070,1.25e-05
1719414000047,1.25e-05
1719417600152,1.25e-05
1719421200017,1.25e-05
1719424800085,1.25e-05
1719428400147,1.25e-05
1719432000179,1.25e-05
1719435600096,1.25e-05
1719439200051,1.25e-05
1719442800021,1.25e-05
1719446400058,1.25e-05
1719450000072,1.25e-05
1719453600041,1.25e-05
1719457200039,1.25e-05
1719460800069,1.25e-05
1719464400056,1.25e-05
1719468000052,1.25e-05
1719471600098,1.25e-05
1719475200124,1.25e-05
1719478800111,1.25e-05
1719482400073,1.25e-05
1719486000082,1.25e-05
1719489600078,1.25e-05
1719493200003,1.25e-05
1719496800093,1.25e-05
1719500400076,1.25e-05
1719504000102,1.25e-05
1719507600092,1.25e-05
1719511200101,1.25e-05
1719514800108,1.25e-05
1719518400104,3.54573e-05
1719522000105,5.13105e-05
1719525600142,8.14692e-05
1719529200099,6.51089e-05
1719532800099,5.3479e-05
1719536400067,2.48298e-05
1719540000099,5.51316e-05
1719543600138,1.70093e-05
1719547200108,3.9968e-05
1719550800075,1.25e-05
1719554400030,1.25e-05
1719558000113,1.25e-05
1719561600100,1.25e-05
1719565200100,1.25e-05
1719568800095,1.25e-05
1719572400110,1.25e-05
1719576000095,1.25e-05
1719579600056,1.25e-05
1719583200070,3.63127e-05
1719586800071,1.25e-05
1719590400105,1.25e-05
1719594000044,1.25e-05
1719597600084,1.25e-05
1719601200010,1.25e-05
1719604800108,1.25e-05
1719608400005,1.25e-05
1719612000016,1.25e-05
1719615600091,1.25e-05
1719619200096,1.25e-05
1719622800091,4.31434e-05
1719626400094,2.60045e-05
1719630000091,3.2684e-05
1719633600081,1.25e-05
1719637200094,1.25e-05
1719640800021,1.25e-05
1719644400085,1.25e-05
1719648000092,2.94287e-05
1719651600160,1.57349e-05
1719655200086,3.38549e-05
1719658800124,2.64069e-05
1719662400061,4.15937e-05
1719666000174,4.25084e-05
1719669600097,1.39463e-05
1719673200090,1.55419e-05
1719676800095,1.25e-05
1719680400088,1.25e-05
1719684000064,1.25e-05
1719687600089,1.25e-05
1719691200085,1.25e-05
1719694800059,1.25e-05
1719698400093,1.25e-05
1719702000121,1.25e-05
1719705600093,1.25e-05
1719709200023,1.25e-05
1719712800109,1.25e-05
1719716400150,1.25e-05
1719720000107,1.25e-05
1719723600082,1.25e-05
1719727200087,1.25e-05
1719730800130,1.25e-05
1719734400147,1.25e-05
1719738000024,1.25e-05
1719741600090,1.25e-05
1719745200071,1.25e-05
1719748800108,1.25e-05
1719752400107,1.25e-05
1719756000158,1.25e-05
1719759600065,1.25e-05
1719763200133,1.25e-05
1719766800095,5.417e-06
1719770400138,1.25e-05
1719774000001,1.25e-05
1719777600034,1.25e-05
1719781200104,1.25e-05
1719784800034,1.25e-05
1719788400072,1.25e-05
1719792000182,1.412e-06
1719795600104,1.25e-05
1719799200025,1.25e-05
1719802800176,1.25e-05
1719806400007,1.25e-05
1719810000130,1.25e-05
1719813600122,1.25e-05
1719817200096,1.25e-05
1719820800094,1.25e-05
1719824400078,1.25e-05
1719828000061,1.25e-05
1719831600059,1.25e-05
1719835200031,1.25e-05
1719838800003,1.25e-05
1719842400042,1.25e-05
1719846000167,1.25e-05
1719849600025,1.25e-05
1719853200101,1.25e-05
1719856800010,1.25e-05
1719860400052,1.25e-05
1719864000069,1.25e-05
1719867600083,1.25e-05
1719871200143,1.25e-05
1719874800015,1.25e-05
1719878400121,1.25e-05
1719882000054,1.25e-05
1719885600057,1.25e-05
1719889200063,1.25e-05
1719892800065,1.25e-05
1719896400095,1.25e-05
1719900000000,1.25e-05
1719903600087,1.25e-05
1719907200087,1.25e-05
1719910800004,1.25e-05
1719914400035,1.25e-05
1719918000187,1.25e-05
1719921600031,1.25e-05
1719925200019,1.25e-05
1719928800016,1.25e-05
1719932400097,1.25e-05
1719936000073,1.25e-05
1719939600035,1.25e-05
1719943200080,1.25e-05
1719946800128,1.25e-05
1719950400067,1.25e-05
1719954000033,1.25e-05
1719957600027,1.25e-05
1719961200112,1.25e-05
1719964800015,1.25e-05
1719968400099,1.25e-05
1719972000099,1.25e-05
1719975600390,1.25e-05
1719979200095,1.25e-05
1719982800099,1.25e-05
1719986400102,1.25e-05
1719990000071,1.25e-05
1719993600101,1.25e-05
1719997200055,1.25e-05
1720000800160,1.69261e-05
1720004400021,1.25e-05
1720008000071,8.2625e-06
1720011600109,3.4837e-06
1720015200040,-4.9572e-06
1720018800171,1.25e-05
1720022400049,1.25e-05
1720026000046,1.25e-05
1720029600088,1.25e-05
1720033200013,1.25e-05
1720036800048,-7.06e-06
1720040400037,2.3473e-06
1720044000127,-2.23113e-05
1720047600007,-4.83989e-05
1720051200083,-4.21106e-05
1720054800073,1.25e-05
1720058400077,1.25e-05
1720062000089,1.25e-05
1720065600152,1.25e-05
1720069200140,1.25e-05
1720072800093,2.7189e-06
1720076400074,1.25e-05
1720080000078,1.25e-05
1720083600078,1.25e-05
1720087200026,1.25e-05
1720090800079,4.4553e-06
1720094400120,1.25e-05
1720098000036,-1.407e-07
1720101600080,1.25e-05
1720105200108,1.25e-05
1720108800131,1.25e-05
1720112400131,1.25e-05
1720116000048,1.25e-05
1720119600134,1.25e-05
1720123200111,1.25e-05
1720126800185,1.25e-05
1720130400071,1.25e-05
1720134000078,1.25e-05
1720137600124,1.0505e-06
1720141200090,-5.0366e-06
1720144800041,5.796e-07
1720148400128,-1.31161e-05
1720152000000,-1.8404e-05
1720155600119,1.25e-05
1720159200143,1.25e-05
1720162800057,1.25e-05
1720166400115,1.25e-05
1720170000120,1.25e-05
1720173600023,1.25e-05
1720177200128,1.25e-05
1720180800076,1.25e-05
1720184400025,1.25e-05
1720188000117,1.25e-05
1720191600059,1.25e-05
1720195200134,1.25e-05
1720198800154,4.053e-07
1720202400000,1.25e-05
1720206000026,1.25e-05
1720209600022,1.22883e-05
1720213200035,-8.5882e-06
1720216800040,1.25e-05
1720220400093,9.0596e-06
1720224000003,-4.7066e-06
1720227600087,-9.5399e-06
1720231200029,-9.0076e-06
1720234800004,-2.88883e-05
1720238400021,-3.51752e-05
1720242000047,-3.36188e-05
1720245600029,-2.23797e-05
1720249200103,-2.45526e-05
1720252800079,-1.88727e-05
1720256400001,4.878e-06
1720260000105,-5.6178e-06
1720263600031,2.655e-07
1720267200071,1.25e-05
1720270800025,1.25e-05
1720274400097,1.25e-05
1720278000102,1.25e-05
1720281600024,1.25e-05
1720285200012,1.25e-05
1720288800028,1.25e-05
1720292400121,2.5894e-06
1720296000120,1.25e-05
1720299600072,1.25e-05
1720303200021,1.25e-05
1720306800074,1.25e-05
1720310400089,1.25e-05
1720314000103,-4.4e-06
1720317600073,-1.02999e-05
1720321200016,-1.5362e-06
1720324800153,4.6719e-06
1720328400033,-7.3488e-06
1720332000018,-4.1227e-06
1720335600007,1.25e-05
1720339200089,-9.8491e-06
1720342800103,-1.07927e-05
1720346400116,-2.56388e-05
1720350000034,-2.55746e-05
1720353600047,-3.1787e-05
1720357200014,-2.89809e-05
1720360800019,-2.35404e-05
1720364400033,6.22e-06
1720368000055,2.1656e-06
1720371600011,9.3438e-06
1720375200127,1.25e-05
1720378800038,1.25e-05
1720382400013,-8.878e-07
1720386000065,1.092e-05
1720389600092,-2.95094e-05
1720393200015,-3.44226e-05
1720396800008,-3.18618e-05
1720400400067,-6.0099e-06
1720404000004,-3.55916e-05
1720407600075,-4.32906e-05
1720411200100,-4.9588e-05
1720414800080,-3.33709e-05
1720418400040,-5.12905e-05
1720422000044,1.25e-05
1720425600036,1.25e-05
1720429200068,1.25e-05
1720432800033,1.25e-05
1720436400100,-3.305e-07
1720440000041,9.7111e-06
1720443600017,6.4149e-06
1720447200049,1.25e-05
1720450800014,1.25e-05
1720454400014,1.25e-05
1720458000057,1.25e-05
1720461600051,1.25e-05
1720465200131,1.25e-05
1720468800073,1.25e-05
1720472400079,1.25e-05
1720476000039,1.25e-05
1720479600045,1.5342e-05
1720483200119,1.25e-05
1720486800086,1.25e-05
1720490400008,1.25e-05
1720494000008,1.25e-05
1720497600059,1.25e-05
1720501200115,1.25e-05
1720504800005,1.25e-05
1720508400116,1.25e-05
1720512000110,1.25e-05
1720515600107,1.25e-05
1720519200148,1.25e-05
1720522800132,1.25e-05
1720526400050,1.25e-05
1720530000134,1.25e-05
1720533600002,1.25e-05
1720537200123,1.25e-05
1720540800091,1.25e-05
1720544400133,1.25e-05
1720548000140,1.25e-05
1720551600020,1.25e-05
1720555200081,1.25e-05
1720558800099,1.25e-05
1720562400122,1.25e-05
1720566000156,1.25e-05
1720569600110,1.25e-05
1720573200084,1.25e-05
1720576800076,1.25e-05
1720580400112,1.25e-05
1720584000108,1.25e-05
1720587600083,1.25e-05
1720591200098,1.25e-05
1720594800074,1.25e-05
1720598400144,1.25e-05
1720602000043,1.25e-05
1720605600017,1.25e-05
1720609200021,5.93e-08
1720612800119,1.25e-05
1720616400160,4.2088e-06
1720620000010,-8.4398e-06
1720623600095,1.10304e-05
1720627200098,3.9566e-06
1720630800009,1.25e-05
1720634400057,1.25e-05
1720638000147,1.25e-05
1720641600044,1.25e-05
1720645200061,1.25e-05
1720648800086,-1.0139e-06
1720652400062,1.25e-05
1720656000125,1.25e-05
1720659600069,-6.3716e-06
1720663200125,-5.2348e-06
1720666800078,-1.36388e-05
1720670400097,-2.84398e-05
1720674000099,-1.817e-06
1720677600106,1.25e-05
1720681200077,-2.22572e-05
1720684800112,1.25e-05
1720688400117,1.25e-05
1720692000125,1.25e-05
1720695600116,1.25e-05
1720699200081,1.25e-05
1720702800088,1.25e-05
1720706400001,1.25e-05
1720710000109,-1.2256e-06
1720713600053,3.0582e-06
1720717200047,1.25e-05
1720720800125,1.25e-05
1720724400140,1.25e-05
1720728000075,1.25e-05
1720731600095,-1.0466e-06
1720735200144,5.9971e-06
1720738800105,3.3702e-06
1720742400136,-1.36866e-05
1720746000076,9.4465e-06
1720749600103,-1.26159e-05
1720753200075,3.6798e-06
1720756800004,-2.35914e-05
1720760400062,-2.85576e-05
1720764000138,3.935e-06
1720767600077,1.25e-05
1720771200073,-1.18499e-05
1720774800078,1.25e-05
1720778400058,1.23358e-05
1720782000125,-5.72e-07
1720785600147,8.5862e-06
1720789200084,5.2979e-06
1720792800042,1.25e-05
1720796400081,1.25e-05
1720800000026,1.25e-05
1720803600138,1.25e-05
1720807200017,1.25e-05
1720810800087,1.25e-05
1720814400000,1.25e-05
1720818000051,1.25e-05
1720821600089,1.25e-05
1720825200028,1.25e-05
1720828800131,1.25e-05
1720832400088,1.25e-05
1720836000091,1.25e-05
1720839600075,9.585e-06
1720843200054,1.25e-05
1720846800082,1.19802e-05
1720850400083,1.25e-05
1720854000028,1.25e-05
1720857600021,1.25e-05
1720861200066,1.25e-05
1720864800082,1.25e-05
1720868400167,1.25e-05
1720872000116,1.25e-05
1720875600014,1.25e-05
1720879200027,1.25e-05
1720882800002,1.25e-05
1720886400119,1.25e-05
1720890000094,1.25e-05
1720893600126,1.25e-05
1720897200016,1.25e-05
1720900800039,1.25e-05
1720904400114,1.25e-05
1720908000113,1.25e-05
1720911600018,1.25e-05
1720915200082,1.25e-05
1720918800112,1.25e-05
1720922400109,1.25e-05
1720926000152,1.25e-05
1720929600089,1.25e-05
1720933200121,1.25e-05
1720936800007,1.25e-05
1720940400104,1.25e-05
1720944000096,1.25e-05
1720947600096,1.25e-05
1720951200133,1.25e-05
1720954800034,1.25e-05
1720958400002,1.25e-05
1720962000022,1.25e-05
1720965600083,1.25e-05
1720969200138,1.25e-05
1720972800137,1.25e-05
1720976400086,1.25e-05
1720980000155,1.25e-05
1720983600087,1.25e-05
1720987200053,1.25e-05
1720990800023,1.25e-05
1720994400004,1.25e-05
1720998000141,1.25e-05
1721001600043,1.25e-05
1721005200060,1.25e-05
1721008800099,1.25e-05
1721012400032,1.25e-05
1721016000118,1.25e-05
1721019600126,1.25e-05
1721023200103,1.25e-05
1721026800114,1.25e-05
1721030400052,1.25e-05
1721034000080,1.25e-05
1721037600139,1.25e-05
1721041200021,1.25e-05
1721044800077,1.25e-05
1721048400138,1.94669e-05
1721052000161,2.74513e-05
1721055600070,1.25e-05
1721059200062,1.25e-05
1721062800030,1.25e-05
1721066400074,1.25e-05
1721070000044,1.25e-05
1721073600148,1.25e-05
1721077200109,1.25e-05
1721080800089,1.25e-05
1721084400107,1.25e-05
1721088000005,1.25e-05
1721091600080,1.25e-05
1721095200087,1.25e-05
1721098800114,1.25e-05
1721102400075,1.25e-05
1721106000080,1.25e-05
1721109600143,1.25e-05
1721113200098,1.25e-05
1721116800150,1.25e-05
1721120400120,1.25e-05
1721124000036,1.25e-05
1721127600090,1.25e-05
1721131200142,1.25e-05
1721134800142,1.25e-05
1721138400014,1.25e-05
1721142000149,1.25e-05
1721145600138,2.16028e-05
1721149200095,3.65341e-05
1721152800148,1.96646e-05
1721156400153,4.29236e-05
1721160000007,2.01875e-05
1721163600001,1.25e-05
1721167200134,1.25e-05
1721170800113,1.25e-05
1721174400156,1.25e-05
1721178000112,1.25e-05
1721181600144,3.68804e-05
1721185200141,1.25e-05
1721188800163,1.25e-05
1721192400134,1.25e-05
1721196000108,1.25e-05
1721199600010,1.25e-05
1721203200168,1.25e-05
1721206800134,1.25e-05
1721210400150,1.334e-05
1721214000058,1.25e-05
1721217600061,1.25e-05
1721221200035,1.25e-05
1721224800144,1.25e-05
1721228400017,1.25e-05
1721232000182,1.25e-05
1721235600114,1.25e-05
1721239200119,1.25e-05
1721242800023,1.25e-05
1721246400087,1.25e-05
1721250000147,1.25e-05
1721253600134,1.25e-05
1721257200064,1.25e-05
1721260800179,1.25e-05
1721264400033,1.25e-05
1721268000116,1.25e-05
1721271600019,1.25e-05
1721275200134,1.25e-05
1721278800144,1.25e-05
1721282400128,1.25e-05
1721286000073,2.42692e-05
1721289600059,2.9928e-05
1721293200150,2.93142e-05
1721296800024,4.55437e-05
1721300400067,1.25e-05
1721304000029,1.25e-05
1721307600083,1.25e-05
1721311200079,1.25e-05
1721314800075,1.25e-05
1721318400050,1.25e-05
1721322000081,1.25e-05
1721325600103,1.25e-05
1721329200161,1.25e-05
1721332800149,1.25e-05
1721336400015,1.25e-05
1721340000101,1.25e-05
1721343600091,1.43478e-05
1721347200039,3.83133e-05
1721350800104,1.25e-05
1721354400146,1.25e-05
1721358000113,1.25e-05
1721361600084,1.25e-05
1721365200086,1.83732e-05
1721368800099,2.61872e-05
1721372400149,1.25e-05
1721376000114,1.25e-05
1721379600100,1.25e-05
1721383200047,1.25e-05
1721386800141,1.25e-05
1721390400005,1.25e-05
1721394000035,1.25e-05
1721397600042,1.66515e-05
1721401200151,1.25e-05
1721404800104,1.25e-05
1721408400161,1.25e-05
1721412000095,1.25e-05
1721415600087,1.25e-05
1721419200152,1.25e-05
1721422800131,1.90468e-05
1721426400093,3.28229e-05
1721430000025,3.54073e-05
1721433600150,1.25e-05
1721437200099,1.25e-05
1721440800086,2.76806e-05
1721444400002,2.68908e-05
1721448000130,3.47311e-05
1721451600097,2.7157e-05
1721455200000,1.25e-05
1721458800082,1.25e-05
1721462400061,1.33012e-05
1721466000059,1.25e-05
1721469600120,2.34824e-05
1721473200026,2.39391e-05
1721476800035,1.92839e-05
1721480400085,1.85296e-05
1721484000059,1.44174e-05
1721487600119,1.86654e-05
1721491200176,1.25e-05
1721494800134,2.30488e-05
1721498400118,1.25e-05
1721502000061,2.61977e-05
1721505600101,4.26991e-05
1721509200042,5.38859e-05
1721512800049,6.41276e-05
1721516400019,2.29596e-05
1721520000114,5.65358e-05
1721523600024,3.95634e-05
1721527200036,5.18234e-05
1721530800066,4.86271e-05
1721534400079,3.68576e-05
1721538000094,2.16955e-05
1721541600059,1.92942e-05
1721545200179,2.25485e-05
1721548800188,2.05759e-05
1721552400117,1.93123e-05
1721556000139,2.6649e-05
1721559600106,3.0162e-05
1721563200184,1.33327e-05
1721566800086,3.09448e-05
1721570400098,1.32266e-05
1721574000156,3.55907e-05
1721577600004,4.67137e-05
1721581200000,5.4358e-05
1721584800152,5.05602e-05
1721588400124,6.00591e-05
1721592000142,6.58979e-05
1721595600137,7.61628e-05
1721599200050,8.78065e-05
1721602800176,8.51202e-05
1721606400221,3.07281e-05
1721610000144,3.63638e-05
1721613600042,1.59656e-05
1721617200166,1.25e-05
1721620800050,2.12459e-05
1721624400010,2.86284e-05
1721628000076,2.74971e-05
1721631600003,2.36155e-05
1721635200174,2.94388e-05
1721638800042,1.25e-05
1721642400053,1.25e-05
1721646000169,1.25e-05
1721649600180,2.07849e-05
1721653200221,2.95383e-05
1721656800131,1.98998e-05
1721660400207,1.25e-05
1721664000166,1.92318e-05
1721667600147,2.78166e-05
1721671200032,3.65079e-05
1721674800102,1.44279e-05
1721678400240,3.28459e-05
1721682000048,1.99502e-05
1721685600151,1.28475e-05
1721689200136,1.25e-05
1721692800012,1.25e-05
1721696400061,2.01089e-05
1721700000162,1.25e-05
1721703600026,1.5791e-05
1721707200123,2.70892e-05
1721710800107,1.25e-05
1721714400165,1.25e-05
1721718000164,1.25e-05
1721721600091,1.25e-05
1721725200058,1.25e-05
1721728800008,1.25e-05
1721732400184,1.25e-05
1721736000056,1.25e-05
1721739600073,1.25e-05
1721743200037,1.25e-05
1721746800036,1.25e-05
1721750400045,1.25e-05
1721754000084,1.25e-05
1721757600001,1.25e-05
1721761200059,1.25e-05
1721764800093,1.25e-05
1721768400069,1.25e-05
1721772000067,1.25e-05
1721775600149,2.60599e-05
1721779200121,2.75313e-05
1721782800017,2.45054e-05
1721786400031,2.43997e-05
1721790000067,1.25e-05
1721793600066,1.25e-05
1721797200071,1.25e-05
1721800800108,1.25e-05
1721804400119,1.25e-05
1721808000035,1.25e-05
1721811600075,1.25e-05
1721815200101,1.25e-05
1721818800096,1.25e-05
1721822400135,1.25e-05
1721826000092,1.25e-05
1721829600085,1.25e-05
1721833200172,2.89558e-05
1721836800096,1.61512e-05
1721840400016,3.25508e-05
1721844000052,3.9885e-05
1721847600093,1.25e-05
1721851200039,1.25e-05
1721854800080,1.25e-05
1721858400111,1.25e-05
1721862000152,1.25e-05
1721865600023,1.25e-05
1721869200138,1.25e-05
1721872800048,1.25e-05
1721876400239,1.25e-05
1721880000143,1.25e-05
1721883600125,1.25e-05
1721887200036,1.25e-05
1721890800008,1.25e-05
1721894400144,1.57572e-05
1721898000148,1.25e-05
1721901600142,1.25e-05
1721905200093,1.25e-05
1721908800109,1.25e-05
1721912400098,1.25e-05
1721916000132,1.25e-05
1721919600138,1.25e-05
1721923200042,1.25e-05
1721926800042,1.66784e-05
1721930400062,1.25e-05
1721934000012,1.25e-05
1721937600151,1.25e-05
1721941200096,1.25e-05
1721944800112,1.25e-05
1721948400001,1.25e-05
1721952000097,1.25e-05
1721955600136,3.11595e-05
1721959200080,2.00077e-05
1721962800096,1.25e-05
1721966400138,1.25e-05
1721970000137,3.23801e-05
1721973600026,2.26915e-05
1721977200134,1.25e-05
1721980800175,1.25e-05
1721984400055,1.25e-05
1721988000108,1.25e-05
1721991600113,1.25e-05
1721995200155,1.25e-05
1721998800099,1.25e-05
1722002400071,1.25e-05
1722006000133,1.25e-05
1722009600147,1.25e-05
1722013200010,1.25e-05
1722016800158,1.25e-05
1722020400037,1.25e-05
1722024000122,1.25e-05
1722027600119,2.09955e-05
1722031200154,1.25e-05
1722034800136,1.25e-05
1722038400097,1.25e-05
1722042000158,1.25e-05
1722045600144,1.30806e-05
1722049200134,1.25e-05
1722052800129,1.57739e-05
1722056400138,3.25985e-05
1722060000140,4.96879e-05
1722063600003,5.57387e-05
1722067200031,6.06051e-05
1722070800138,3.27527e-05
1722074400144,4.61924e-05
1722078000052,1.25e-05
1722081600092,1.25e-05
1722085200096,1.25e-05
1722088800015,1.25e-05
1722092400146,1.25e-05
1722096000089,1.25e-05
1722099600084,1.25e-05
1722103200116,1.25e-05
1722106800044,1.25e-05
1722110400041,1.25e-05
1722114000142,1.25e-05
1722117600023,4.0289e-05
1722121200144,4.64427e-05
1722124800037,1.43069e-05
1722128400068,2.3848e-05
1722132000138,6.1399e-05
1722135600139,6.20024e-05
1722139200134,3.76354e-05
1722142800001,2.50977e-05
1722146400186,1.25e-05
1722150000091,1.32013e-05
1722153600129,1.25e-05
1722157200136,1.25e-05
1722160800135,1.25e-05
1722164400116,1.25e-05
1722168000052,1.25e-05
1722171600205,2.32918e-05
1722175200102,3.02256e-05
1722178800121,1.25e-05
1722182400086,1.25e-05
1722186000147,1.25e-05
1722189600035,1.82655e-05
1722193200083,5.52913e-05
1722196800106,3.77611e-05
1722200400014,1.55994e-05
1722204000077,3.17679e-05
1722207600121,5.08412e-05
1722211200040,7.89477e-05
1722214800082,9.32984e-05
1722218400005,9.44571e-05
1722222000107,7.89057e-05
1722225600169,6.22053e-05
1722229200015,7e-05
1722232800133,8.09705e-05
1722236400089,5.17332e-05
1722240000119,2.69121e-05
1722243600128,1.25e-05
1722247200150,1.25e-05
1722250800014,1.25e-05
1722254400132,1.34262e-05
1722258000125,1.69247e-05
1722261600038,1.25e-05
1722265200088,2.41403e-05
1722268800040,3.19949e-05
1722272400049,3.03346e-05
1722276000028,5.55265e-05
1722279600064,0.0001045349
1722283200108,9.61306e-05
1722286800048,7.412e-05
1722290400037,2.64018e-05
1722294000106,1.25e-05
1722297600046,1.25e-05
1722301200089,1.25e-05
1722304800157,1.25e-05
1722308400087,1.25e-05
1722312000078,1.25e-05
1722315600000,2.59433e-05
1722319200047,1.25e-05
1722322800112,1.25e-05
1722326400122,1.25e-05
1722330000129,1.33704e-05
1722333600057,1.25e-05
1722337200064,1.25e-05
1722340800173,1.25e-05
1722344400038,1.25e-05
1722348000020,1.25e-05
1722351600116,1.25e-05
1722355200093,1.25e-05
1722358800114,1.25e-05
1722362400104,1.25e-05
1722366000001,1.25e-05
1722369600069,1.25e-05
1722373200030,1.25e-05
1722376800091,1.25e-05
1722380400094,1.25e-05
1722384000072,1.25e-05
1722387600060,1.25e-05
1722391200067,1.25e-05
1722394800085,1.25e-05
1722398400060,1.25e-05
1722402000066,1.25e-05
1722405600039,1.25e-05
1722409200082,1.25e-05
1722412800120,1.25e-05
1722416400106,1.25e-05
1722420000013,1.25e-05
1722423600012,1.25e-05
1722427200094,1.25e-05
1722430800079,1.25e-05
1722434400151,1.25e-05
1722438000125,1.25e-05
1722441600087,1.25e-05
1722445200089,1.25e-05
1722448800050,1.25e-05
1722452400082,1.25e-05
1722456000086,1.25e-05
1722459600157,1.25e-05
1722463200067,1.25e-05
1722466800089,1.25e-05
1722470400097,1.25e-05
1722474000090,1.25e-05
1722477600123,1.25e-05
1722481200015,1.25e-05
1722484800003,1.25e-05
1722488400098,1.25e-05
1722492000025,1.25e-05
1722495600151,1.25e-05
1722499200157,1.25e-05
1722502800093,1.2974e-05
1722506400000,1.25e-05
1722510000139,1.31894e-05
1722513600091,1.56722e-05
1722517200078,2.66158e-05
1722520800145,1.25e-05
1722524400088,1.25e-05
1722528000024,2.4733e-05
1722531600088,4.90869e-05
1722535200092,3.32674e-05
1722538800114,5.01467e-05
1722542400120,5.42708e-05
1722546000096,5.6755e-05
1722549600087,1.42969e-05
1722553200128,1.25e-05
1722556800006,1.25e-05
1722560400116,1.25e-05
1722564000146,1.25e-05
1722567600013,1.25e-05
1722571200119,1.25e-05
1722574800147,1.25e-05
1722578400160,1.25e-05
1722582000054,1.25e-05
1722585600113,1.25e-05
1722589200135,1.25e-05
1722592800136,1.25e-05
1722596400046,1.25e-05
1722600000147,1.25e-05
1722603600044,1.25e-05
1722607200012,1.25e-05
1722610800144,1.25e-05
1722614400149,1.25e-05
1722618000126,1.25e-05
1722621600003,1.25e-05
1722625200027,1.43242e-05
1722628800120,1.25e-05
1722632400150,1.25e-05
1722636000079,1.25e-05
1722639600130,1.25e-05
1722643200032,1.25e-05
1722646800093,1.25e-05
1722650400135,1.25e-05
1722654000124,1.25e-05
1722657600030,1.25e-05
1722661200095,1.25e-05
1722664800147,1.25e-05
1722668400139,2.1946e-05
1722672000093,1.92178e-05
1722675600094,1.25e-05
1722679200099,1.25e-05
1722682800115,3.40263e-05
1722686400044,3.38329e-05
1722690000141,1.25e-05
1722693600124,1.25e-05
1722697200154,1.25e-05
1722700800008,1.25e-05
1722704400121,1.25e-05
1722708000078,1.25e-05
1722711600179,1.25e-05
1722715200167,1.25e-05
1722718800144,1.25e-05
1722722400032,1.25e-05
1722726000126,1.25e-05
1722729600023,1.25e-05
1722733200120,1.25e-05
1722736800123,1.25e-05
1722740400088,1.25e-05
1722744000122,1.25e-05
1722747600166,1.25e-05
1722751200023,1.25e-05
1722754800105,1.25e-05
1722758400067,1.25e-05
1722762000126,1.25e-05
1722765600033,1.25e-05
1722769200126,1.25e-05
1722772800126,1.25e-05
1722776400126,1.43187e-05
1722780000033,1.9242e-05
1722783600129,1.25e-05
1722787200046,2.29253e-05
1722790800119,1.25e-05
1722794400024,2.86744e-05
1722798000002,4.16752e-05
1722801600193,2.19946e-05
1722805200121,1.72728e-05
1722808800137,1.34679e-05
1722812400089,1.84295e-05
1722816000097,1.25e-05
1722819600110,1.25e-05
1722823200075,1.25e-05
1722826800027,1.25e-05
1722830400027,1.25e-05
1722834000013,1.25e-05
1722837600140,1.25e-05
1722841200166,1.25e-05
1722844800034,2.43376e-05
1722848400118,1.26759e-05
1722852000042,1.38413e-05
1722855600154,1.25e-05
1722859200100,1.25e-05
1722862800049,1.25e-05
1722866400151,1.25e-05
1722870000160,1.25e-05
1722873600149,1.25e-05
1722877200064,1.25e-05
1722880800033,1.25e-05
1722884400110,1.25e-05
1722888000175,1.25e-05
1722891600049,1.25e-05
1722895200192,1.25e-05
1722898800031,1.25e-05
1722902400125,1.25e-05
1722906000021,1.25e-05
1722909600037,1.25e-05
1722913200039,1.25e-05
1722916800114,1.25e-05
1722920400031,1.25e-05
1722924000127,1.25e-05
1722927600166,1.25e-05
1722931200131,1.25e-05
1722934800039,1.25e-05
1722938400041,1.25e-05
1722942000031,1.25e-05
1722945600068,1.25e-05
1722949200034,1.25e-05
1722952800146,1.25e-05
1722956400015,1.25e-05
1722960000079,1.25e-05
1722963600072,1.25e-05
1722967200082,1.25e-05
1722970800120,1.25e-05
1722974400131,1.25e-05
1722978000104,1.25e-05
1722981600114,1.25e-05
1722985200141,1.25e-05
1722988800149,9.0122e-06
1722992400122,1.25e-05
1722996000007,1.25e-05
1722999600146,1.25e-05
1723003200151,1.25e-05
1723006800052,1.25e-05
1723010400154,1.25e-05
1723014000173,1.25e-05
1723017600092,1.25e-05
1723021200092,1.25e-05
1723024800185,1.25e-05
1723028400194,1.25e-05
1723032000096,1.25e-05
1723035600105,1.25e-05
1723039200131,1.25e-05
1723042800181,1.25e-05
1723046400109,-2.973e-07
1723050000101,1.05573e-05
1723053600129,-1.01817e-05
1723057200110,8.5659e-06
1723060800209,1.25e-05
1723064400186,1.25e-05
1723068000088,5.4475e-06
1723071600138,8.0464e-06
1723075200026,1.25e-05
1723078800023,3.0431e-06
1723082400068,1.25e-05
1723086000012,1.25e-05
1723089600121,1.25e-05
1723093200100,1.25e-05
1723096800060,1.25e-05
1723100400095,1.25e-05
1723104000029,1.25e-05
1723107600003,1.25e-05
1723111200166,1.25e-05
1723114800137,1.25e-05
1723118400192,1.25e-05
1723122000106,5.0606e-06
1723125600153,3.3134e-06
1723129200018,6.5873e-06
1723132800107,-1.82522e-05
1723136400095,-1.64483e-05
1723140000083,-3.1669e-06
1723143600170,6.1585e-06
1723147200093,-1.09354e-05
1723150800108,-6.7167e-06
1723154400163,7.3557e-06
1723158000100,1.25e-05
1723161600115,-7.2717e-06
1723165200158,-5.038e-06
1723168800197,-1.72528e-05
1723172400156,-2.42e-05
1723176000170,-9.5989e-06
1723179600001,3.032e-07
1723183200131,5.2896e-06
1723186800195,-5.4669e-06
1723190400005,8.8057e-06
1723194000109,4.8906e-06
1723197600108,-2.18996e-05
1723201200104,-9.922e-07
1723204800085,1.25e-05
1723208400100,-1.6357e-06
1723212000163,1.02346e-05
1723215600035,-1.93809e-05
1723219200043,-2.00334e-05
1723222800057,1.25e-05
1723226400076,1.25e-05
1723230000079,8.9711e-06
1723233600002,1.25e-05
1723237200049,-1.195e-07
1723240800059,1.25e-05
1723244400045,1.25e-05
1723248000005,1.25e-05
1723251600028,1.25e-05
1723255200005,1.25e-05
1723258800126,1.25e-05
1723262400097,1.25e-05
1723266000035,1.25e-05
1723269600106,1.25e-05
1723273200153,5.5178e-06
1723276800071,1.25e-05
1723280400090,1.25e-05
1723284000003,1.25e-05
1723287600051,1.25e-05
1723291200017,1.25e-05
1723294800075,1.25e-05
1723298400044,1.25e-05
1723302000043,1.25e-05
1723305600060,1.25e-05
1723309200115,1.25e-05
1723312800155,1.25e-05
1723316400075,1.25e-05
1723320000068,1.25e-05
1723323600138,1.25e-05
1723327200056,1.25e-05
1723330800124,1.25e-05
1723334400011,1.25e-05
1723338000013,1.25e-05
1723341600009,1.25e-05
1723345200075,1.36609e-05
1723348800143,2.80237e-05
1723352400017,1.25e-05
1723356000084,1.25e-05
1723359600112,1.25e-05
1723363200075,1.25e-05
1723366800055,1.25e-05
1723370400109,1.25e-05
1723374000021,1.25e-05
1723377600075,1.25e-05
1723381200155,1.53266e-05
1723384800068,1.66494e-05
1723388400049,1.25e-05
1723392000001,1.25e-05
1723395600011,1.25e-05
1723399200200,1.25e-05
1723402800142,1.35403e-05
1723406400061,1.25e-05
1723410000034,1.25e-05
1723413600091,1.25e-05
1723417200064,1.25e-05
1723420800022,1.25e-05
1723424400028,1.25e-05
1723428000097,1.25e-05
1723431600059,1.25e-05
1723435200015,1.25e-05
1723438800011,1.25e-05
1723442400016,1.25e-05
1723446000031,1.25e-05
1723449600042,1.25e-05
1723453200197,1.25e-05
1723456800000,1.25e-05
1723460400120,1.25e-05
1723464000075,1.25e-05
1723467600044,1.25e-05
1723471200126,1.25e-05
1723474800046,1.25e-05
1723478400009,1.25e-05
1723482000032,1.25e-05
1723485600154,1.25e-05
1723489200006,1.25e-05
1723492800127,1.25e-05
1723496400104,1.25e-05
1723500000020,1.25e-05
1723503600045,1.25e-05
1723507200057,1.25e-05
1723510800043,1.25e-05
1723514400015,1.25e-05
1723518000121,1.25e-05
1723521600126,1.25e-05
1723525200036,1.25e-05
1723528800044,1.25e-05
1723532400166,1.25e-05
1723536000050,1.25e-05
1723539600001,1.25e-05
1723543200020,1.25e-05
1723546800111,1.25e-05
1723550400113,1.25e-05
1723554000078,1.25e-05
1723557600015,1.25e-05
1723561200054,1.25e-05
1723564800076,1.25e-05
1723568400020,1.25e-05
1723572000046,1.25e-05
1723575600091,1.25e-05
1723579200014,1.25e-05
1723582800042,1.25e-05
1723586400118,1.25e-05
1723590000047,1.25e-05
1723593600037,1.25e-05
1723597200016,1.25e-05
1723600800137,1.25e-05
1723604400016,1.25e-05
1723608000185,1.25e-05
1723611600054,1.25e-05
1723615200021,1.25e-05
1723618800100,1.25e-05
1723622400153,1.25e-05
1723626000170,1.25e-05
1723629600026,1.25e-05
1723633200049,1.25e-05
1723636800074,1.25e-05
1723640400098,1.25e-05
1723644000032,1.25e-05
1723647600047,1.25e-05
1723651200020,1.25e-05
1723654800059,1.25e-05
1723658400050,1.25e-05
1723662000082,2.80245e-05
1723665600117,1.7866e-05
1723669200090,3.5269e-05
1723672800120,2.48876e-05
1723676400082,1.51326e-05
1723680000018,2.92589e-05
1723683600165,2.73397e-05
1723687200057,2.14085e-05
1723690800089,1.25e-05
1723694400095,2.00985e-05
1723698000117,1.25e-05
1723701600104,1.25e-05
1723705200103,1.25e-05
1723708800015,1.25e-05
1723712400067,1.25e-05
1723716000058,1.25e-05
1723719600003,1.25e-05
1723723200001,1.25e-05
1723730400074,1.25e-05
1723734000060,1.25e-05
1723737600126,1.25e-05
1723741200052,1.25e-05
1723744800071,1.25e-05
1723748400055,1.25e-05
1723752000115,1.25e-05
1723755600042,1.25e-05
1723759200063,1.25e-05
1723762800035,1.25e-05
1723766400016,1.25e-05
1723770000075,1.25e-05
1723773600013,1.25e-05
1723777200050,1.25e-05
1723780800117,1.25e-05
1723784400010,1.25e-05
1723788000071,1.25e-05
1723791600075,1.25e-05
1723795200021,1.25e-05
1723798800032,1.25e-05
1723802400018,1.25e-05
1723806000015,1.25e-05
1723809600024,1.25e-05
1723813200035,-4.87743e-05
1723816800013,-2.92105e-05
1723820400056,-1.90278e-05
1723824000077,-2.17168e-05
1723827600009,-4.4284e-06
1723831200048,9.8515e-06
1723834800162,1.25e-05
1723838400047,1.25e-05
1723842000084,6.8351e-06
1723845600014,1.25e-05
1723849200144,1.25e-05
1723852800143,1.25e-05
1723856400097,1.25e-05
1723860000098,1.25e-05
1723863600051,1.25e-05
1723867200111,1.25e-05
1723870800079,1.25e-05
1723874400049,1.25e-05
1723878000001,1.25e-05
1723881600005,1.25e-05
1723885200015,1.25e-05
1723888800064,1.25e-05
1723892400073,1.25e-05
1723896000025,1.25e-05
1723899600040,1.25e-05
1723903200037,1.25e-05
1723906800001,1.25e-05
1723910400012,1.25e-05
1723914000049,1.25e-05
1723917600019,1.25e-05
1723921200022,1.25e-05
1723924800081,1.25e-05
1723928400078,-8.7822e-06
1723932000118,-1.31276e-05
1723935600040,-8.5603e-06
1723939200002,1.25e-05
1723942800095,1.25e-05
1723946400038,1.25e-05
1723950000004,1.25e-05
1723953600002,1.25e-05
1723957200146,9.162e-07
1723960800068,1.25e-05
1723964400009,1.25e-05
1723968000061,1.25e-05
1723971600176,1.25e-05
1723975200024,1.25e-05
1723978800154,1.25e-05
1723982400065,1.25e-05
1723986000010,1.25e-05
1723989600021,1.25e-05
1723993200025,1.25e-05
1723996800024,1.25e-05
1724000400082,1.25e-05
1724004000049,1.25e-05
1724007600072,1.25e-05
1724011200164,1.25e-05
1724014800044,1.25e-05
1724018400156,1.25e-05
1724022000043,1.13855e-05
1724025600078,7.9823e-06
1724029200072,1.25e-05
1724032800068,1.06033e-05
1724036400041,1.25e-05
1724040000080,1.25e-05
1724043600127,1.25e-05
1724047200068,9.7772e-06
1724050800122,-5.2617e-06
1724054400097,3.3393e-06
1724058000096,-3.0281e-06
1724061600062,-5.3921e-06
1724065200118,1.25e-05
1724068800084,1.25e-05
1724072400028,1.25e-05
1724076000059,1.25e-05
1724079600000,1.25e-05
1724083200111,1.25e-05
1724086800022,1.25e-05
1724090400011,1.25e-05
1724094000051,1.08526e-05
1724097600083,1.04948e-05
1724101200028,1.25e-05
1724104800004,1.25e-05
1724108400090,1.25e-05
1724112000000,1.25e-05
1724115600052,1.25e-05
1724119200000,6.7726e-06
1724122800097,6.2174e-06
1724126400022,1.25e-05
1724130000005,1.25e-05
1724133600128,1.25e-05
1724137200043,1.25e-05
1724140800070,8.6927e-06
1724144400110,5.1183e-06
1724148000050,8.9643e-06
1724151600100,1.25e-05
1724155200112,6.3483e-06
1724158800042,1.25e-05
1724162400107,1.02652e-05
1724166000042,4.4845e-06
1724169600064,1.25e-05
1724173200093,1.25e-05
1724176800056,1.25e-05
1724180400006,1.25e-05
1724184000047,1.25e-05
1724187600121,1.25e-05
1724191200045,-6.0371e-06
1724194800027,5.1626e-06
1724198400014,-1.844e-06
1724202000067,-5.8299e-06
1724205600017,-2.6121e-06
1724209200009,6.7275e-06
1724212800073,1.25e-05
1724216400008,1.25e-05
1724220000041,1.25e-05
1724223600058,1.25e-05
1724227200044,1.25e-05
1724230800077,1.25e-05
1724234400069,1.25e-05
1724238000075,1.25e-05
1724241600043,1.25e-05
1724245200024,1.25e-05
1724248800002,1.25e-05
1724252400089,1.25e-05
1724256000074,1.25e-05
1724259600053,1.25e-05
1724263200078,1.25e-05
1724266800051,1.25e-05
1724270400038,1.25e-05
1724274000115,1.25e-05
1724277600088,1.25e-05
1724281200053,1.25e-05
1724284800046,1.25e-05
1724288400156,1.25e-05
1724292000028,1.25e-05
1724295600001,1.25e-05
1724299200038,1.25e-05
1724302800095,1.25e-05
1724306400150,1.25e-05
1724310000126,1.25e-05
1724313600031,1.25e-05
1724317200149,1.25e-05
1724320800136,1.25e-05
1724324400100,1.25e-05
1724328000060,1.25e-05
1724331600097,1.25e-05
1724335200099,1.25e-05
1724338800071,1.25e-05
1724342400068,1.25e-05
1724346000148,1.25e-05
1724349600142,1.25e-05
1724353200002,2.23634e-05
1724356800125,1.25e-05
1724360400087,1.25e-05
1724364000100,1.25e-05
1724367600125,1.25e-05
1724371200181,1.25e-05
1724374800188,1.25e-05
1724378400129,1.25e-05
1724382000067,1.25e-05
1724385600088,1.25e-05
1724389200028,1.25e-05
1724392800094,1.25e-05
1724396400047,1.25e-05
1724400000065,1.25e-05
1724403600105,1.25e-05
1724407200097,1.25e-05
1724410800096,1.25e-05
1724414400153,1.25e-05
1724418000031,1.25e-05
1724421600016,1.25e-05
1724425200122,1.25e-05
1724428800021,1.25e-05
1724432400112,1.25e-05
1724436000032,1.25e-05
1724439600062,1.25e-05
1724443200090,2.72291e-05
1724446800096,2.7791e-05
1724450400083,2.95103e-05
1724454000066,4.47618e-05
1724457600034,1.25e-05
1724461200027,1.6216e-05
1724464800026,1.44333e-05
1724468400105,1.25e-05
1724472000084,2.22792e-05
1724475600015,1.25e-05
1724479200158,3.78921e-05
1724482800113,4.41247e-05
1724486400164,3.9985e-05
1724490000090,3.59343e-05
1724493600121,3.741e-05
1724497200032,1.68598e-05
1724500800017,1.32724e-05
1724504400113,1.25e-05
1724508000023,1.25e-05
1724511600075,1.25e-05
1724515200001,1.25e-05
1724518800037,1.25e-05
1724522400126,1.25e-05
1724526000054,1.25e-05
1724529600008,4.63528e-05
1724533200017,2.07464e-05
1724536800020,2.63961e-05
1724540400030,1.50045e-05
1724544000129,1.25e-05
1724547600124,1.96152e-05
1724551200104,4.16261e-05
1724554800048,1.88186e-05
1724558400093,1.25e-05
1724562000102,1.25e-05
1724565600022,3.67727e-05
1724569200056,1.25e-05
1724572800052,1.25e-05
1724576400148,1.25e-05
1724580000003,1.25e-05
1724583600113,1.25e-05
1724587200069,1.25e-05
1724590800044,1.25e-05
1724594400043,1.25e-05
1724598000109,2.07601e-05
1724601600045,2.94913e-05
1724605200050,1.25e-05
1724608800081,1.25e-05
1724612400136,3.16324e-05
1724616000140,5.19539e-05
1724619600155,6.6092e-05
1724623200017,9.67907e-05
1724626800131,6.84473e-05
1724630400111,7.0082e-05
1724634000096,6.68719e-05
1724637600104,6.93409e-05
1724641200129,9.28588e-05
1724644800042,8.9942e-05
1724648400167,4.23459e-05
1724652000150,2.85253e-05
1724655600092,2.34959e-05
1724659200050,2.44482e-05
1724662800152,1.33244e-05
1724666400000,3.08419e-05
1724670000147,5.22001e-05
1724673600158,6.86237e-05
1724677200107,3.61e-05
1724680800045,4.96962e-05
1724684400029,1.25e-05
1724688000075,1.25e-05
1724691600066,1.25e-05
1724695200012,1.25e-05
1724698800031,1.25e-05
1724702400139,1.25e-05
1724706000027,1.25e-05
1724709600007,1.25e-05
1724713200149,1.25e-05
1724716800114,1.25e-05
1724720400049,1.25e-05
1724724000037,1.25e-05
1724727600006,1.25e-05
1724731200018,1.25e-05
1724734800145,1.25e-05
1724738400108,1.25e-05
1724742000034,1.25e-05
1724745600057,1.25e-05
1724749200019,1.25e-05
1724752800019,1.25e-05
1724756400029,1.25e-05
1724760000036,1.25e-05
1724763600010,1.25e-05
1724767200086,1.25e-05
1724770800060,1.25e-05
1724774400135,1.25e-05
1724778000004,1.25e-05
1724781600018,1.25e-05
1724785200058,1.94603e-05
1724788800021,1.25e-05
1724792400110,1.25e-05
1724796000090,1.25e-05
1724799600171,1.25e-05
1724803200029,1.25e-05
1724806800087,1.25e-05
1724810400131,1.25e-05
1724814000075,1.25e-05
1724817600015,1.25e-05
1724821200057,1.25e-05
1724824800057,1.25e-05
1724828400050,1.25e-05
1724832000133,1.25e-05
1724835600020,1.25e-05
1724839200143,1.25e-05
1724842800048,1.25e-05
1724846400001,1.25e-05
1724850000128,1.25e-05
1724853600030,1.25e-05
1724857200144,1.25e-05
1724860800083,1.25e-05
1724864400037,1.25e-05
1724868000046,1.25e-05
1724871600142,1.25e-05
1724875200008,1.25e-05
1724878800097,1.25e-05
1724882400098,1.25e-05
1724886000089,1.25e-05
1724889600100,1.25e-05
1724893200131,1.25e-05
1724896800320,1.1798e-05
1724900400019,1.25e-05
1724904000082,1.25e-05
1724907600129,1.25e-05
1724911200057,1.25e-05
1724914800027,1.25e-05
1724918400011,1.25e-05
1724922000143,1.25e-05
1724925600103,1.25e-05
1724929200083,1.25e-05
1724932800001,1.25e-05
1724936400104,1.25e-05
1724940000110,1.25e-05
1724943600108,1.25e-05
1724947200018,1.25e-05
1724950800048,1.25e-05
1724954400011,1.25e-05
1724958000143,1.25e-05
1724961600126,1.25e-05
1724965200020,1.25e-05
1724968800044,1.25e-05
1724972400095,1.25e-05
1724976000118,1.25e-05
1724979600098,1.25e-05
1724983200041,1.25e-05
1724986800073,1.25e-05
1724990400015,1.25e-05
1724994000043,1.25e-05
1724997600021,1.25e-05
1725001200147,1.25e-05
1725004800108,1.25e-05
1725008400018,1.25e-05
1725012000031,1.25e-05
1725015600002,1.25e-05
1725019200022,1.25e-05
1725022800004,1.25e-05
1725026400099,1.25e-05
1725030000076,1.25e-05
1725033600042,1.06651e-05
1725037200040,1.25e-05
1725040800143,1.25e-05
1725044400022,1.25e-05
1725048000097,1.25e-05
1725051600016,1.25e-05
1725055200050,1.25e-05
1725058800142,1.25e-05
1725062400023,1.25e-05
1725066000171,1.25e-05
1725069600011,7.8343e-06
1725073200067,6.648e-07
1725076800109,9.2011e-06
1725080400048,1.25e-05
1725084000104,1.25e-05
1725087600024,-1.46959e-05
1725091200049,-1.35851e-05
1725094800039,-4.1929e-06
1725098400067,8.899e-07
1725102000096,1.25e-05
1725105600048,1.25e-05
1725109200031,1.25e-05
1725112800003,1.25e-05
1725116400033,1.25e-05
1725120000094,1.25e-05
1725123600095,1.25e-05
1725127200041,1.25e-05
1725130800044,1.25e-05
1725134400119,1.25e-05
1725138000125,1.25e-05
1725141600161,1.25e-05
1725145200038,1.25e-05
1725148800068,1.25e-05
1725152400097,1.25e-05
1725156000129,1.25e-05
1725159600131,1.25e-05
1725163200135,1.25e-05
1725166800018,1.25e-05
1725170400030,1.25e-05
1725174000057,1.25e-05
1725177600045,1.25e-05
1725181200006,1.25e-05
1725184800090,1.25e-05
1725188400015,1.25e-05
1725192000062,1.25e-05
1725195600008,1.25e-05
1725199200031,1.25e-05
1725202800074,1.25e-05
1725206400007,1.25e-05
1725210000121,1.25e-05
1725213600087,1.25e-05
1725217200076,1.25e-05
1725220800043,1.25e-05
1725224400012,1.25e-05
1725228000076,1.25e-05
1725231600000,1.25e-05
1725235200096,1.25e-05
1725238800094,1.25e-05
1725242400063,1.25e-05
1725246000069,1.25e-05
1725249600022,1.25e-05
1725253200006,1.25e-05
1725256800087,1.25e-05
1725260400041,1.25e-05
1725264000042,1.19002e-05
1725267600052,1.25e-05
1725271200033,1.25e-05
1725274800102,1.25e-05
1725278400047,1.25e-05
1725282000024,1.25e-05
1725285600110,8.48e-06
1725289200097,2.9327e-06
1725292800035,1.20547e-05
1725296400042,-1.47431e-05
1725300000054,-8.3096e-06
1725303600158,6.9918e-06
1725307200017,-3.001e-07
1725310800148,1.09514e-05
1725314400048,-4.6927e-06
1725318000033,-8.958e-07
1725321600145,3.517e-07
1725325200025,2.2163e-06
1725328800066,-1.1208e-05
1725332400098,1.25e-05
1725336000052,-2.6064e-05
1725339600076,-8.1381e-06
1725343200070,4.207e-07
1725346800003,1.11443e-05
1725350400051,1.06444e-05
1725354000137,4.4701e-06
1725357600021,-3.34123e-05
1725361200005,-6.1894e-06
1725364800058,-8.3718e-06
1725368400151,6.789e-06
1725372000015,-5.449e-06
1725375600019,1.25e-05
1725379200040,8.2287e-06
1725382800114,6.0656e-06
1725386400062,1.2323e-06
1725390000111,7.4897e-06
1725393600112,1.25e-05
1725397200044,1.1866e-05
1725400800006,-3.4583e-06
1725404400061,-6.0749e-06
1725408000074,-1.21396e-05
1725411600097,9.4657e-06
1725415200149,1.25e-05
1725418800112,1.25e-05
1725422400017,1.25e-05
1725426000128,1.25e-05
1725429600133,1.25e-05
1725433200156,1.25e-05
1725436800140,1.25e-05
1725440400074,1.25e-05
1725444000050,1.25e-05
1725447600177,1.25e-05
1725451200105,1.25e-05
1725454800068,1.25e-05
1725458400034,1.25e-05
1725462000005,1.25e-05
1725465600143,1.25e-05
1725469200028,1.25e-05
1725472800096,1.25e-05
1725476400030,1.25e-05
1725480000101,1.25e-05
1725483600010,1.25e-05
1725487200035,1.25e-05
1725490800059,1.25e-05
1725494400164,1.25e-05
1725498000151,1.25e-05
1725501600179,1.25e-05
1725505200168,1.25e-05
1725508800109,1.25e-05
1725512400021,1.25e-05
1725516000130,1.25e-05
1725519600007,1.25e-05
1725523200054,1.25e-05
1725526800156,1.25e-05
1725530400084,1.25e-05
1725534000150,1.25e-05
1725537600030,1.25e-05
1725541200033,1.25e-05
1725544800159,1.25e-05
1725548400071,1.25e-05
1725552000157,1.25e-05
1725555600000,1.25e-05
1725559200017,1.25e-05
1725562800035,1.25e-05
1725566400010,1.25e-05
1725570000137,1.25e-05
1725573600040,1.25e-05
1725577200149,1.25e-05
1725580800018,1.25e-05
1725584400028,1.25e-05
1725588000065,1.25e-05
1725591600046,1.25e-05
1725595200025,1.25e-05
1725598800078,1.06161e-05
1725602400120,1.25e-05
1725606000003,7.9579e-06
1725609600106,1.25e-05
1725613200137,1.25e-05
1725616800030,1.25e-05
1725620400063,1.25e-05
1725624000036,8.7428e-06
1725627600072,1.25e-05
1725631200051,6.9665e-06
1725634800007,5.4094e-06
1725638400143,1.25e-05
1725642000096,1.25e-05
1725645600132,1.25e-05
1725649200058,1.25e-05
1725652800012,1.25e-05
1725656400144,1.25e-05
1725660000146,8.891e-06
1725663600157,1.25e-05
1725667200057,1.25e-05
1725670800057,1.25e-05
1725674400147,1.25e-05
1725678000036,1.25e-05
1725681600026,1.25e-05
1725685200134,1.25e-05
1725688800129,1.25e-05
1725692400013,1.25e-05
1725696000138,1.25e-05
1725699600041,1.25e-05
1725703200130,1.25e-05
1725706800126,1.25e-05
1725710400020,1.25e-05
1725714000028,1.25e-05
1725717600056,1.25e-05
1725721200026,1.25e-05
1725724800115,1.25e-05
1725728400021,1.25e-05
1725732000111,1.25e-05
1725735600005,1.25e-05
1725739200028,1.25e-05
1725742800016,1.25e-05
1725746400124,1.25e-05
1725750000176,1.25e-05
1725753600075,1.25e-05
1725757200120,1.25e-05
1725760800006,1.25e-05
1725764400018,1.25e-05
1725768000121,1.25e-05
1725771600025,1.25e-05
1725775200008,1.25e-05
1725778800022,1.25e-05
1725782400074,1.25e-05
1725786000001,1.25e-05
1725789600019,1.25e-05
1725793200045,1.25e-05
1725796800069,1.25e-05
1725800400021,1.25e-05
1725804000039,1.25e-05
1725807600100,1.25e-05
1725811200062,1.25e-05
1725814800056,1.25e-05
1725818400074,1.25e-05
1725822000078,1.01877e-05
1725825600050,5.186e-07
1725829200115,-8.1355e-06
1725832800011,-7.1177e-06
1725836400085,9.8768e-06
1725840000115,1.25e-05
1725843600054,2.1766e-06
1725847200088,1.25e-05
1725850800105,-6.3815e-06
1725854400063,-4.8656e-06
1725858000062,-4.4225e-06
1725861600006,-1.16766e-05
1725865200115,1.2882e-06
1725868800001,1.20511e-05
1725872400091,1.03374e-05
1725876000000,5.9577e-06
1725879600006,-5.8738e-06
1725883200067,-5.2328e-06
1725886800077,-4.2828e-06
1725890400113,1.8255e-06
1725894000108,9.8683e-06
1725897600076,-3.2592e-06
1725901200076,-1.35914e-05
1725904800015,-9.2998e-06
1725908400006,-2.38427e-05
1725912000003,8.416e-06
1725915600131,1.25e-05
1725919200094,3.0233e-06
1725922800008,-6.2006e-06
1725926400054,5.4035e-06
1725930000128,8.3022e-06
1725933600098,6.8701e-06
1725937200044,7.0059e-06
1725940800025,8.4386e-06
1725944400163,1.25e-05
1725948000005,1.25e-05
1725951600034,1.25e-05
1725955200006,1.25e-05
1725958800054,1.25e-05
1725962400001,1.25e-05
1725966000098,1.25e-05
1725969600034,1.25e-05
1725973200088,1.25e-05
1725976800100,1.25e-05
1725980400095,1.25e-05
1725984000049,1.25e-05
1725987600072,1.25e-05
1725991200180,1.25e-05
1725994800131,1.25e-05
1725998400016,1.25e-05
1726002000177,1.25e-05
1726005600098,-1.66638e-05
1726009200057,-2.5123e-05
1726012800000,7.3377e-06
1726016400053,-4.7928e-06
1726020000047,-1.343e-06
1726023600019,-9.4458e-06
1726027200011,-1.32287e-05
1726030800094,4.7255e-06
1726034400099,-6.2353e-06
1726038000105,-6.9599e-06
1726041600031,-4.7122e-06
1726045200054,-1.03856e-05
1726048800096,-1.8724e-06
1726052400029,-4.01e-07
1726056000005,7.6597e-06
1726059600070,-3.0397e-06
1726063200034,8.1952e-06
1726066800107,3.0313e-06
1726070400005,6.0512e-06
1726074000108,1.25e-05
1726077600101,1.25e-05
1726081200046,1.25e-05
1726084800074,1.25e-05
1726088400111,1.25e-05
1726092000091,9.9109e-06
1726095600050,-1.3332e-06
1726099200067,-1.10399e-05
1726102800026,1.25e-05
1726106400106,1.25e-05
1726110000003,1.25e-05
1726113600030,1.25e-05
1726117200045,1.25e-05
1726120800112,1.25e-05
1726124400013,1.25e-05
1726128000156,1.25e-05
1726131600049,1.25e-05
1726135200143,4.7245e-06
1726138800020,1.25e-05
1726142400045,1.25e-05
1726146000158,1.25e-05
1726149600001,1.25e-05
1726153200108,1.25e-05
1726156800048,1.25e-05
1726160400031,1.25e-05
1726164000093,1.25e-05
1726167600163,1.25e-05
1726171200024,1.25e-05
1726174800001,1.25e-05
1726178400058,1.25e-05
1726182000149,1.25e-05
1726185600091,1.25e-05
1726189200083,1.25e-05
1726192800013,1.25e-05
1726196400009,1.25e-05
1726200000170,1.25e-05
1726203600123,1.25e-05
1726207200127,1.25e-05
1726210800117,1.25e-05
1726214400027,1.0701e-06
1726218000119,5.9302e-06
1726221600062,1.25e-05
1726225200120,1.25e-05
1726228800003,1.25e-05
1726232400148,8.1873e-06
1726236000029,1.00523e-05
1726239600137,1.25e-05
1726243200007,1.25e-05
1726246800002,-1.39714e-05
1726250400015,4.966e-06
1726254000015,1.25e-05
1726257600013,1.25e-05
1726261200122,1.25e-05
1726264800003,1.25e-05
1726268400135,1.25e-05
1726272000021,1.25e-05
1726275600085,1.25e-05
1726279200006,1.25e-05
1726282800023,1.25e-05
1726286400126,1.25e-05
1726290000104,1.25e-05
1726293600039,1.25e-05
1726297200080,1.25e-05
1726300800019,1.25e-05
1726304400111,1.25e-05
1726308000027,1.25e-05
1726311600130,1.25e-05
1726315200049,1.25e-05
1726318800146,1.25e-05
1726322400006,1.25e-05
1726326000046,1.25e-05
1726329600105,1.25e-05
1726333200024,1.25e-05
1726336800133,1.25e-05
1726340400012,1.25e-05
1726344000171,1.25e-05
1726347600052,1.25e-05
1726351200183,1.25e-05
1726354800028,1.25e-05
1726358400015,1.25e-05
1726362000037,1.25e-05
1726365600169,1.25e-05
1726369200006,1.25e-05
1726372800078,1.25e-05
1726376400034,1.25e-05
1726380000127,1.25e-05
1726383600065,1.25e-05
1726387200109,1.25e-05
1726390800108,1.25e-05
1726394400107,1.25e-05
1726398000024,1.25e-05
1726401600009,1.25e-05
1726405200017,1.25e-05
1726408800110,1.25e-05
1726412400082,1.25e-05
1726416000036,1.25e-05
1726419600008,1.25e-05
1726423200025,1.25e-05
1726426800029,1.25e-05
1726430400041,1.25e-05
1726434000000,1.25e-05
1726437600077,1.25e-05
1726441200122,1.25e-05
1726444800048,1.25e-05
1726448400196,1.25e-05
1726452000035,1.25e-05
1726455600068,1.25e-05
1726459200036,1.25e-05
1726462800055,1.25e-05
1726466400191,1.25e-05
1726470000043,1.25e-05
1726473600138,1.25e-05
1726477200023,1.25e-05
1726480800102,1.25e-05
1726484400187,1.25e-05
1726488000168,1.25e-05
1726491600017,1.25e-05
1726495200019,1.25e-05
1726498800079,1.25e-05
1726502400041,1.25e-05
1726506000056,1.25e-05
1726509600017,1.25e-05
1726513200103,1.25e-05
1726516800002,1.25e-05
1726520400041,1.25e-05
1726524000132,1.25e-05
1726527600028,1.25e-05
1726531200004,1.25e-05
1726534800031,1.25e-05
1726538400073,1.25e-05
1726542000089,1.25e-05
1726545600198,1.25e-05
1726549200080,1.25e-05
1726552800201,1.25e-05
1726556400061,1.25e-05
1726560000105,1.25e-05
1726563600031,1.25e-05
1726567200002,1.25e-05
1726570800012,7.9517e-06
1726574400175,-2.7246e-06
1726578000033,1.25e-05
1726581600018,1.25e-05
1726585200090,1.25e-05
1726588800100,4.435e-06
1726592400094,7.2035e-06
1726596000089,-1.7281e-06
1726599600045,1.25e-05
1726603200038,1.25e-05
1726606800077,1.25e-05
1726610400016,1.25e-05
1726614000047,-4.823e-06
1726617600134,8.1556e-06
1726621200147,3.3286e-06
1726624800021,-2.9658e-06
1726628400044,3.9531e-06
1726632000028,1.17118e-05
1726635600080,4.3004e-06
1726639200145,2.7511e-06
1726642800175,1.25e-05
1726646400029,1.25e-05
1726650000097,1.25e-05
1726653600091,-6.056e-07
1726657200103,1.25e-05
1726660800099,1.25e-05
1726664400099,1.25e-05
1726668000135,1.25e-05
1726671600158,1.25e-05
1726675200019,1.25e-05
1726678800074,1.25e-05
1726682400024,1.25e-05
1726686000138,1.25e-05
1726689600119,1.25e-05
1726693200028,1.25e-05
1726696800101,1.25e-05
1726700400107,1.25e-05
1726704000089,1.25e-05
1726707600039,6.77221e-05
1726711200201,1.64987e-05
1726714800046,1.25e-05
1726718400096,1.25e-05
1726722000026,1.25e-05
1726725600088,1.25e-05
1726729200087,1.25e-05
1726732800002,1.71709e-05
1726736400130,1.25e-05
1726740000117,1.25e-05
1726743600082,3.53797e-05
1726747200103,3.81748e-05
1726750800122,7.73196e-05
1726754400184,0.0001019636
1726758000135,6.07722e-05
1726761600101,3.11076e-05
1726765200083,1.56625e-05
1726768800025,1.99724e-05
1726772400028,4.97139e-05
1726776000019,3.87494e-05
1726779600157,1.25e-05
1726783200129,1.25e-05
1726786800143,1.25e-05
1726790400020,2.45455e-05
1726794000024,1.25e-05
1726797600054,1.25e-05
1726801200058,1.25e-05
1726804800023,1.25e-05
1726808400144,1.25e-05
1726812000126,1.25e-05
1726815600157,1.25e-05
1726819200081,1.25e-05
1726822800062,1.25e-05
1726826400136,1.25e-05
1726830000161,1.25e-05
1726833600150,1.25e-05
1726837200122,1.25e-05
1726840800075,1.25e-05
1726844400135,1.25e-05
1726848000126,1.25e-05
1726851600000,1.25e-05
1726855200038,1.25e-05
1726858800132,1.25e-05
1726862400031,1.25e-05
1726866000076,1.25e-05
1726869600106,1.25e-05
1726873200091,1.25e-05
1726876800046,1.25e-05
1726880400041,1.25e-05
1726884000132,1.25e-05
1726887600188,1.25e-05
1726891200030,1.25e-05
1726894800137,1.25e-05
1726898400005,1.25e-05
1726902000027,1.25e-05
1726905600131,1.25e-05
1726909200036,1.25e-05
1726912800012,1.25e-05
1726916400051,1.25e-05
1726920000160,1.25e-05
1726923600122,1.25e-05
1726927200025,1.25e-05
1726930800021,1.25e-05
1726934400134,1.25e-05
1726938000058,1.25e-05
1726941600014,1.25e-05
1726945200122,1.25e-05
1726948800012,1.25e-05
1726952400143,1.25e-05
1726956000028,1.25e-05
1726959600130,1.25e-05
1726963200021,1.25e-05
1726966800130,1.25e-05
1726970400009,1.25e-05
1726974000011,1.25e-05
1726977600019,1.25e-05
1726981200036,1.25e-05
1726984800094,1.25e-05
1726988400026,1.25e-05
1726992000101,1.25e-05
1726995600015,1.25e-05
1726999200023,1.25e-05
1727002800022,1.25e-05
1727006400075,1.25e-05
1727010000014,1.25e-05
1727013600056,1.25e-05
1727017200026,1.25e-05
1727020800016,1.25e-05
1727024400102,1.25e-05
1727028000016,1.25e-05
1727031600021,1.25e-05
1727035200083,1.25e-05
1727038800110,1.25e-05
1727042400025,1.25e-05
1727046000156,1.25e-05
1727049600134,1.25e-05
1727053200160,1.25e-05
1727056800142,1.25e-05
1727060400004,1.25e-05
1727064000002,1.25e-05
1727067600017,1.90323e-05
1727071200043,1.25e-05
1727074800068,1.25e-05
1727078400076,1.25e-05
1727082000173,1.25e-05
1727085600018,1.25e-05
1727089200002,1.25e-05
1727092800021,1.25e-05
1727096400092,1.25e-05
1727100000019,1.25e-05
1727103600040,3.54462e-05
1727107200004,1.25e-05
1727110800109,1.25e-05
1727114400036,1.25e-05
1727118000157,1.25e-05
1727121600073,1.25e-05
1727125200158,1.25e-05
1727128800014,1.25e-05
1727132400069,1.25e-05
1727136000124,1.25e-05
1727139600038,1.25e-05
1727143200000,1.25e-05
1727146800107,1.25e-05
1727150400021,1.25e-05
1727154000077,1.49275e-05
1727157600060,1.68529e-05
1727161200003,2.26137e-05
1727164800147,2.65335e-05
1727168400083,2.24983e-05
1727172000179,1.89623e-05
1727175600108,2.64245e-05
1727179200083,2.90783e-05
1727182800044,2.77717e-05
1727186400166,2.69292e-05
1727190000023,2.52311e-05
1727193600142,1.84996e-05
1727197200092,1.25e-05
1727200800177,1.25e-05
1727204400106,1.25e-05
1727208000025,2.44887e-05
1727211600114,3.29511e-05
1727215200169,1.7902e-05
1727218800109,2.17675e-05
1727222400080,2.96569e-05
1727226000144,1.52561e-05
1727229600151,1.40106e-05
1727233200153,1.76601e-05
1727236800067,1.25e-05
1727240400109,1.25e-05
1727244000156,1.25e-05
1727247600001,1.25e-05
1727251200113,2.63963e-05
1727254800008,2.70821e-05
1727258400029,2.30957e-05
1727262000003,1.25e-05
1727265600006,1.25e-05
1727269200047,1.44951e-05
1727272800081,1.65157e-05
1727276400126,2.5407e-05
1727280000042,3.23877e-05
1727283600080,1.74911e-05
1727287200138,2.19714e-05
1727290800128,3.9773e-05
1727294400066,4.68781e-05
1727298000104,4.34657e-05
1727301600128,6.72423e-05
1727305200154,4.86957e-05
1727308800030,1.86968e-05
1727312400027,1.25e-05
1727316000119,1.25e-05
1727319600100,1.25e-05
1727323200184,1.25e-05
1727326800033,1.25e-05
1727330400131,1.25e-05
1727334000040,3.20987e-05
1727337600167,3.82652e-05
1727341200018,1.89628e-05
1727344800026,1.25e-05
1727348400120,2.38245e-05
1727352000134,3.36503e-05
1727355600027,3.20092e-05
1727359200135,5.15881e-05
1727362800029,3.27004e-05
1727366400119,2.60432e-05
1727370000145,6.84073e-05
1727373600094,6.82265e-05
1727377200065,2.85062e-05
1727380800019,1.25e-05
1727384400171,1.25e-05
1727388000145,1.95048e-05
1727391600013,3.62994e-05
1727395200201,1.45725e-05
1727398800068,4.22926e-05
1727402400123,4.22529e-05
1727406000037,2.01919e-05
1727409600085,3.50037e-05
1727413200006,3.95267e-05
1727416800120,4.05424e-05
1727420400013,5.41714e-05
1727424000000,3.71955e-05
1727427600002,4.81541e-05
1727431200092,8.87736e-05
1727434800117,6.50374e-05
1727438400137,3.29155e-05
1727442000104,5.21707e-05
1727445600076,7.48335e-05
1727449200149,2.92692e-05
1727452800010,1.32058e-05
1727456400017,1.25e-05
1727460000049,1.25e-05
1727463600037,1.25e-05
1727467200192,1.25e-05
1727470800039,1.25e-05
1727474400098,1.25e-05
1727478000158,1.25e-05
1727481600161,1.25e-05
1727485200035,1.25e-05
1727488800044,1.25e-05
1727492400148,1.25e-05
1727496000132,1.25e-05
1727499600115,1.25e-05
1727503200035,1.25e-05
1727506800010,1.25e-05
1727510400016,1.25e-05
1727514000002,1.25e-05
1727517600029,1.25e-05
1727521200098,1.25e-05
1727524800037,1.25e-05
1727528400018,1.25e-05
1727532000179,1.25e-05
1727535600108,1.25e-05
1727539200150,1.25e-05
1727542800013,1.25e-05
1727546400026,1.25e-05
1727550000090,1.25e-05
1727553600141,1.25e-05
1727557200027,1.25e-05
1727560800149,1.25e-05
1727564400009,1.25e-05
1727568000055,1.25e-05
1727571600176,1.25e-05
1727575200006,1.25e-05
1727578800007,1.25e-05
1727582400149,1.25e-05
1727586000105,1.25e-05
1727589600121,1.25e-05
1727593200144,1.25e-05
1727596800086,1.25e-05
1727600400162,1.25e-05
1727604000089,1.25e-05
1727607600076,1.25e-05
1727611200154,1.25e-05
1727614800075,1.25e-05
1727618400150,1.25e-05
1727622000151,1.25e-05
1727625600057,1.25e-05
1727629200052,1.46118e-05
1727632800030,3.86021e-05
1727636400008,3.87419e-05
1727640000167,7.7197e-05
1727643600001,9.16599e-05
1727647200067,8.24675e-05
1727650800094,6.47583e-05
1727654400083,4.63915e-05
1727658000032,2.1639e-05
1727661600119,5.2557e-05
1727665200002,9.56655e-05
1727668800162,0.000108986
1727672400001,0.0001131391
1727676000039,9.09219e-05
1727679600153,9.48859e-05
1727683200003,9.68391e-05
1727686800069,6.51089e-05
1727690400048,2.15137e-05
1727694000069,2.10798e-05
1727697600004,2.51927e-05
1727701200006,2.79579e-05
1727704800030,3.81965e-05
1727708400042,3.68828e-05
1727712000119,3.50594e-05
1727715600057,2.27134e-05
1727719200097,2.21589e-05
1727722800121,3.68104e-05
1727726400026,3.98927e-05
1727730000078,4.65755e-05
1727733600115,4.444e-05
1727737200055,2.6559e-05
1727740800074,3.12418e-05
1727744400056,2.9826e-05
1727748000015,3.45371e-05
1727751600121,2.82192e-05
1727755200155,4.15363e-05
1727758800074,5.08724e-05
1727762400123,4.17834e-05
1727766000119,5.64235e-05
1727769600010,6.34096e-05
1727773200004,4.46688e-05
1727776800058,3.6074e-05
1727780400091,3.40333e-05
1727784000092,3.23678e-05
1727787600074,1.51133e-05
1727791200041,1.35745e-05
1727794800100,3.46043e-05
1727798400014,3.33693e-05
1727802000064,4.61438e-05
1727805600027,1.25e-05
1727809200149,1.25e-05
1727812800033,1.25e-05
1727816400145,1.25e-05
1727820000109,1.25e-05
1727823600017,1.25e-05
1727827200146,1.25e-05
1727830800020,1.25e-05
1727834400178,1.25e-05
1727838000045,1.25e-05
1727841600076,1.25e-05
1727845200040,1.25e-05
1727848800040,1.25e-05
1727852400026,1.25e-05
1727856000066,1.25e-05
1727859600100,1.25e-05
1727863200108,1.25e-05
1727866800085,1.25e-05
1727870400067,1.25e-05
1727874000111,1.25e-05
1727877600115,1.25e-05
1727881200150,1.25e-05
1727884800072,1.25e-05
1727888400015,1.25e-05
1727892000104,1.25e-05
1727895600104,1.25e-05
1727899200096,1.25e-05
1727902800033,1.25e-05
1727906400127,1.25e-05
1727910000007,1.25e-05
1727913600025,1.25e-05
1727917200018,1.25e-05
1727920800001,1.25e-05
1727924400047,1.25e-05
1727928000023,1.25e-05
1727931600072,1.25e-05
1727935200077,1.25e-05
1727938800029,1.25e-05
1727942400108,1.25e-05
1727946000139,1.25e-05
1727949600034,1.25e-05
1727953200023,1.25e-05
1727956800080,1.25e-05
1727960400011,1.25e-05
1727964000073,1.25e-05
1727967600019,1.25e-05
1727971200025,1.25e-05
1727974800080,1.25e-05
1727978400119,1.25e-05
1727982000072,1.25e-05
1727985600117,1.25e-05
1727989200007,1.25e-05
1727992800017,1.25e-05
1727996400041,1.25e-05
1728000000022,1.25e-05
1728003600000,1.25e-05
1728007200149,1.25e-05
1728010800154,1.25e-05
1728014400016,1.25e-05
1728018000112,1.25e-05
1728021600159,1.25e-05
1728025200037,1.25e-05
1728028800174,1.25e-05
1728032400126,1.25e-05
1728036000012,1.25e-05
1728039600025,1.25e-05
1728043200025,1.25e-05
1728046800042,1.25e-05
1728050400139,1.25e-05
1728054000060,1.25e-05
1728057600114,1.25e-05
1728061200119,1.25e-05
1728064800128,1.25e-05
1728068400041,1.25e-05
1728072000025,1.25e-05
1728075600075,1.25e-05
1728079200029,1.25e-05
1728082800001,1.25e-05
1728086400132,1.25e-05
1728090000147,1.25e-05
1728093600089,1.25e-05
1728097200000,1.25e-05
1728100800065,1.25e-05
1728104400114,1.25e-05
1728108000095,1.25e-05
1728111600102,1.25e-05
1728115200099,1.25e-05
1728118800026,1.25e-05
1728122400007,1.25e-05
1728126000073,1.25e-05
1728129600029,1.25e-05
1728133200088,1.25e-05
1728136800016,1.25e-05
1728140400116,1.25e-05
1728144000037,1.25e-05
1728147600128,1.25e-05
1728151200094,1.25e-05
1728154800120,1.25e-05
1728158400121,1.25e-05
1728162000017,1.25e-05
1728165600095,1.25e-05
1728169200009,1.25e-05
1728172800057,1.25e-05
1728176400081,1.25e-05
1728180000075,1.25e-05
1728183600037,1.25e-05
1728187200127,1.25e-05
1728190800148,1.25e-05
1728194400035,1.25e-05
1728198000012,1.25e-05
1728201600019,1.25e-05
1728205200035,1.25e-05
1728208800052,1.25e-05
1728212400078,1.25e-05
1728216000025,1.25e-05
1728219600064,1.25e-05
1728223200017,1.25e-05
1728226800026,1.25e-05
1728230400026,1.25e-05
1728234000149,1.25e-05
1728237600036,1.25e-05
1728241200002,1.25e-05
1728244800057,1.25e-05
1728248400054,1.25e-05
1728252000004,1.25e-05
1728255600003,1.25e-05
1728259200060,1.25e-05
1728262800047,1.25e-05
1728266400022,1.25e-05
1728270000074,1.25e-05
1728273600093,1.25e-05
1728277200068,1.25e-05
1728280800106,1.25e-05
1728284400115,1.25e-05
1728288000071,1.25e-05
1728291600090,1.25e-05
1728295200122,1.25e-05
1728298800027,1.25e-05
1728302400001,1.25e-05
1728306000090,1.25e-05
1728309600001,1.25e-05
1728313200136,1.25e-05
1728316800119,1.25e-05
1728320400046,1.25e-05
1728324000069,1.25e-05
1728327600130,1.25e-05
1728331200008,1.25e-05
1728334800025,1.25e-05
1728338400041,1.25e-05
1728342000011,1.25e-05
1728345600098,1.25e-05
1728349200009,1.25e-05
1728352800072,1.25e-05
1728356400026,1.25e-05
1728360000091,1.25e-05
1728363600019,1.25e-05
1728367200024,1.25e-05
1728370800078,1.25e-05
1728374400070,1.25e-05
1728378000152,1.25e-05
1728381600051,1.25e-05
1728385200101,1.25e-05
1728388800098,1.25e-05
1728392400000,1.25e-05
1728396000012,1.25e-05
1728399600004,1.25e-05
1728403200159,1.25e-05
1728406800145,1.25e-05
1728410400145,1.25e-05
1728414000012,1.25e-05
1728417600004,1.25e-05
1728421200087,1.25e-05
1728424800129,1.25e-05
1728428400050,1.25e-05
1728432000048,1.25e-05
1728435600090,1.25e-05
1728439200098,1.25e-05
1728442800015,1.25e-05
1728446400049,1.25e-05
1728450000051,1.25e-05
1728453600024,1.25e-05
1728457200132,1.25e-05
1728460800154,1.25e-05
1728464400099,1.25e-05
1728468000030,1.25e-05
1728471600127,1.25e-05
1728475200045,1.25e-05
1728478800064,1.25e-05
1728482400028,1.25e-05
1728486000012,1.25e-05
1728489600077,1.25e-05
1728493200011,1.25e-05
1728496800129,1.25e-05
1728500400052,1.25e-05
1728504000035,1.25e-05
1728507600021,1.25e-05
1728511200064,1.25e-05
1728514800065,1.25e-05
1728518400114,1.25e-05
1728522000089,1.25e-05
1728525600024,1.25e-05
1728529200010,1.25e-05
1728532800144,1.25e-05
1728536400042,1.25e-05
1728540000155,1.25e-05
1728543600023,1.25e-05
1728547200095,1.25e-05
1728550800045,1.25e-05
1728554400149,1.25e-05
1728558000000,1.25e-05
1728561600100,1.25e-05
1728565200095,1.25e-05
1728568800109,1.25e-05
1728572400160,1.25e-05
1728576000001,1.25e-05
1728579600110,1.25e-05
1728583200120,9.3106e-06
1728586800106,-8.7384e-06
1728590400023,2.9024e-06
1728594000127,1.25e-05
1728597600035,2.0549e-06
1728601200075,-1.14558e-05
1728604800157,4.4942e-06
1728608400047,1.25e-05
1728612000084,-6.759e-07
1728615600146,1.301e-06
1728619200127,-4.5182e-06
1728622800119,-1.65653e-05
1728626400123,-1.1354e-05
1728630000097,2.2157e-06
1728633600012,-1.8e-09
1728637200072,-1.3274e-05
1728640800062,-6.9747e-06
1728644400032,1.25e-05
1728648000063,1.25e-05
1728651600036,1.25e-05
1728655200033,1.25e-05
1728658800032,4.9207e-06
1728662400124,1.25e-05
1728666000096,1.25e-05
1728669600097,1.25e-05
1728673200123,1.25e-05
1728676800072,1.25e-05
1728680400017,1.25e-05
1728684000069,1.25e-05
1728687600111,1.25e-05
1728691200130,1.25e-05
1728694800048,1.25e-05
1728698400065,1.25e-05
1728702000013,6.3753e-06
1728705600168,1.3245e-06
1728709200023,1.25e-05
1728712800126,1.25e-05
1728716400039,1.25e-05
1728720000082,1.10216e-05
1728723600020,1.25e-05
1728727200004,1.25e-05
1728730800016,1.25e-05
1728734400067,1.25e-05
1728738000133,1.25e-05
1728741600008,1.25e-05
1728745200030,1.25e-05
1728748800024,1.25e-05
1728752400144,1.25e-05
1728756000018,1.25e-05
1728759600065,1.25e-05
1728763200068,1.25e-05
1728766800040,7.0818e-06
1728770400015,-2.7046e-06
1728774000046,1.25e-05
1728777600048,1.25e-05
1728781200070,1.25e-05
1728784800125,1.25e-05
1728788400127,1.25e-05
1728792000082,1.25e-05
1728795600072,1.06957e-05
1728799200058,1.25e-05
1728802800032,6.9883e-06
1728806400000,1.25e-05
1728810000070,1.25e-05
1728813600114,1.14548e-05
1728817200164,1.25e-05
1728820800014,1.25e-05
1728824400058,1.25e-05
1728828000051,1.25e-05
1728831600010,1.25e-05
1728835200013,-1.69945e-05
1728838800033,-6.3293e-06
1728842400036,7.722e-07
1728846000030,3.0414e-06
1728849600156,1.25e-05
1728853200050,5.62e-08
1728856800006,1.25e-05
1728860400011,1.25e-05
1728864000065,1.25e-05
1728867600104,1.25e-05
1728871200008,-3.6162e-06
1728874800093,-2.3706e-06
1728878400045,1.25e-05
1728882000132,1.25e-05
1728885600011,1.25e-05
1728889200089,1.25e-05
1728892800103,1.25e-05
1728896400064,1.25e-05
1728900000030,1.25e-05
1728903600009,1.25e-05
1728907200067,1.25e-05
1728910800086,1.25e-05
1728914400060,1.25e-05
1728918000006,1.25e-05
1728921600125,1.25e-05
1728925200003,1.25e-05
1728928800031,1.25e-05
1728932400023,1.25e-05
1728936000031,1.25e-05
1728939600084,1.25e-05
1728943200143,1.25e-05
1728946800095,1.25e-05
1728950400034,1.25e-05
1728954000040,1.25e-05
1728957600112,1.25e-05
1728961200010,1.25e-05
1728964800082,1.25e-05
1728968400114,1.25e-05
1728972000031,1.25e-05
1728975600025,1.25e-05
1728979200002,1.25e-05
1728982800167,1.25e-05
1728986400108,1.25e-05
1728990000005,1.25e-05
1728993600111,1.25e-05
1728997200040,1.25e-05
1729000800077,1.25e-05
1729004400031,1.25e-05
1729008000098,1.25e-05
1729011600168,1.25e-05
1729015200005,1.25e-05
1729018800082,1.25e-05
1729022400084,1.25e-05
1729026000031,3.786e-06
1729029600000,-1.46848e-05
1729033200120,1.25e-05
1729036800101,1.25e-05
1729040400078,1.25e-05
1729044000002,1.25e-05
1729047600020,1.25e-05
1729051200072,1.25e-05
1729054800027,1.25e-05
1729058400021,1.25e-05
1729062000134,1.25e-05
1729065600126,1.25e-05
1729069200049,1.25e-05
1729072800021,1.25e-05
1729076400130,1.25e-05
1729080000166,1.25e-05
1729083600079,1.25e-05
1729087200027,1.25e-05
1729090800116,1.25e-05
1729094400142,1.25e-05
1729098000100,1.25e-05
1729101600014,1.25e-05
1729105200016,1.25e-05
1729108800047,1.25e-05
1729112400154,1.25e-05
1729116000023,1.25e-05
1729119600048,1.25e-05
1729123200002,1.25e-05
1729126800113,1.25e-05
1729130400019,1.25e-05
1729134000160,1.25e-05
1729137600166,1.25e-05
1729141200031,1.25e-05
1729144800001,1.25e-05
1729148400068,1.25e-05
1729152000107,1.25e-05
1729155600085,1.25e-05
1729159200024,1.25e-05
1729162800072,1.25e-05
1729166400141,1.25e-05
1729170000021,1.25e-05
1729173600045,1.25e-05
1729177200082,1.25e-05
1729180800081,1.25e-05
1729184400060,1.25e-05
1729188000114,1.25e-05
1729191600015,1.25e-05
1729195200088,1.25e-05
1729198800000,1.25e-05
1729202400007,1.25e-05
1729206000035,1.25e-05
1729209600105,1.25e-05
1729213200005,1.25e-05
1729216800068,1.25e-05
1729220400089,1.25e-05
1729224000024,1.25e-05
1729227600137,1.25e-05
1729231200154,1.25e-05
1729234800094,2.51809e-05
1729238400140,3.54058e-05
1729242000036,1.53373e-05
1729245600059,1.86391e-05
1729249200159,1.25e-05
1729252800056,1.25e-05
1729256400001,1.25e-05
1729260000119,1.25e-05
1729263600167,1.25e-05
1729267200035,1.25e-05
1729270800092,1.25e-05
1729274400014,1.25e-05
1729278000020,1.25e-05
1729281600020,1.25e-05
1729285200025,1.25e-05
1729288800017,1.25e-05
1729292400039,1.25e-05
1729296000020,1.25e-05
1729299600019,1.25e-05
1729303200011,1.25e-05
1729306800028,1.25e-05
1729310400039,1.25e-05
1729314000130,1.25e-05
1729317600177,1.25e-05
1729321200007,1.25e-05
1729324800023,1.25e-05
1729328400032,1.25e-05
1729332000105,1.25e-05
1729335600035,1.25e-05
1729339200010,1.25e-05
1729342800143,1.25e-05
1729346400094,1.25e-05
1729350000058,1.25e-05
1729353600034,1.25e-05
1729357200024,1.25e-05
1729360800153,1.25e-05
1729364400137,1.25e-05
1729368000168,1.25e-05
1729371600104,1.25e-05
1729375200000,1.25e-05
1729378800068,1.25e-05
1729382400046,1.25e-05
1729386000082,1.25e-05
1729389600011,1.25e-05
1729393200158,1.25e-05
1729396800040,1.25e-05
1729400400023,1.25e-05
1729404000021,1.25e-05
1729407600106,1.25e-05
1729411200091,1.25e-05
1729414800159,1.25e-05
1729418400037,1.25e-05
1729422000039,1.25e-05
1729425600125,1.25e-05
1729429200028,1.25e-05
1729432800033,1.25e-05
1729436400024,1.25e-05
1729440000082,1.25e-05
1729443600123,1.25e-05
1729447200022,1.25e-05
1729450800044,1.25e-05
1729454400110,1.25e-05
1729458000068,1.25e-05
1729461600034,1.25e-05
1729465200055,1.45578e-05
1729468800026,2.09556e-05
1729472400041,2.78549e-05
1729476000059,2.12871e-05
1729479600069,1.36714e-05
1729483200090,1.45709e-05
1729486800012,1.25e-05
1729490400025,1.25e-05
1729494000060,1.25e-05
1729497600001,1.25e-05
1729501200100,1.25e-05
1729504800019,1.25e-05
1729508400028,1.53335e-05
1729512000041,1.41221e-05
1729515600050,1.53015e-05
1729519200017,1.25e-05
1729522800023,1.25e-05
1729526400078,2.10596e-05
1729530000017,1.51129e-05
1729533600022,3.35985e-05
1729537200026,1.25e-05
1729540800074,2.05424e-05
1729544400068,1.25e-05
1729548000024,1.25e-05
1729551600085,1.25e-05
1729555200073,1.25e-05
1729558800060,1.25e-05
1729562400068,1.25e-05
1729566000089,1.25e-05
1729569600019,1.25e-05
1729573200057,1.25e-05
1729576800091,1.25e-05
1729580400064,1.25e-05
1729584000090,1.25e-05
1729587600004,1.25e-05
1729591200025,1.25e-05
1729594800138,1.25e-05
1729598400074,1.25e-05
1729602000094,1.25e-05
1729605600105,1.25e-05
1729609200018,1.25e-05
1729612800034,1.25e-05
1729616400021,1.25e-05
1729620000022,1.25e-05
1729623600146,1.25e-05
1729627200105,1.25e-05
1729630800032,1.25e-05
1729634400012,1.25e-05
1729638000149,1.25e-05
1729641600037,1.25e-05
1729645200059,1.25e-05
1729648800104,1.25e-05
1729652400007,1.25e-05
1729656000088,1.25e-05
1729659600153,1.25e-05
1729663200113,1.25e-05
1729666800092,1.25e-05
1729670400002,1.25e-05
1729674000047,1.25e-05
1729677600075,1.25e-05
1729681200135,1.25e-05
1729684800143,1.25e-05
1729688400095,1.25e-05
1729692000002,1.25e-05
1729695600118,1.25e-05
1729699200091,1.25e-05
1729702800077,1.25e-05
1729706400110,1.83395e-05
1729710000083,6.31685e-05
1729713600043,7.1561e-05
1729717200000,6.80069e-05
1729720800035,6.19436e-05
1729724400034,4.60856e-05
1729728000058,3.91742e-05
1729731600006,2.20512e-05
1729735200089,2.36138e-05
1729738800104,2.49869e-05
1729742400026,2.87712e-05
1729746000048,1.25e-05
1729749600102,1.25e-05
1729753200108,1.25e-05
1729756800153,1.25e-05
1729760400113,1.25e-05
1729764000124,1.25e-05
1729767600154,1.25e-05
1729771200017,1.25e-05
1729774800044,1.25e-05
1729778400115,1.25e-05
1729782000014,1.25e-05
1729785600130,1.25e-05
1729789200015,1.25e-05
1729792800002,1.25e-05
1729796400074,1.25e-05
1729800000106,1.25e-05
1729803600138,1.25e-05
1729807200025,1.25e-05
1729810800158,1.25e-05
1729814400006,1.25e-05
1729818000113,1.25e-05
1729821600093,1.25e-05
1729825200113,1.25e-05
1729828800103,1.25e-05
1729832400021,1.25e-05
1729836000131,1.25e-05
1729839600118,1.25e-05
1729843200113,-3.4125e-06
1729846800001,9.4941e-06
1729850400122,1.25e-05
1729854000161,1.25e-05
1729857600100,1.25e-05
1729861200056,1.25e-05
1729864800096,1.25e-05
1729868400100,1.25e-05
1729872000147,1.25e-05
1729875600023,1.25e-05
1729879200031,1.25e-05
1729882800127,1.25e-05
1729886400003,1.25e-05
1729890000003,1.25e-05
1729893600004,1.25e-05
1729897200086,1.25e-05
1729900800036,1.25e-05
1729904400115,1.25e-05
1729908000097,1.25e-05
1729911600110,1.25e-05
1729915200040,1.25e-05
1729918800091,1.25e-05
1729922400024,1.25e-05
1729926000061,1.25e-05
1729929600113,1.25e-05
1729933200052,1.25e-05
1729936800032,1.25e-05
1729940400067,1.25e-05
1729944000027,1.25e-05
1729947600007,1.25e-05
1729951200028,1.25e-05
1729954800128,1.25e-05
1729958400030,1.25e-05
1729962000074,1.25e-05
1729965600153,1.25e-05
1729969200104,1.25e-05
1729972800134,1.25e-05
1729976400128,1.25e-05
1729980000131,1.25e-05
1729983600022,1.25e-05
1729987200084,1.25e-05
1729990800131,1.25e-05
1729994400168,1.25e-05
1729998000004,1.25e-05
1730001600020,1.25e-05
1730005200124,1.25e-05
1730008800007,1.25e-05
1730012400111,1.25e-05
1730016000003,1.25e-05
1730019600013,1.25e-05
1730023200121,1.25e-05
1730026800061,1.25e-05
1730030400060,1.25e-05
1730034000075,1.25e-05
1730037600031,1.25e-05
1730041200155,1.25e-05
1730044800038,1.25e-05
1730048400155,1.25e-05
1730052000016,1.25e-05
1730055600060,1.25e-05
1730059200042,1.25e-05
1730062800011,1.25e-05
1730066400068,1.25e-05
1730070000158,1.25e-05
1730073600091,1.25e-05
1730077200001,1.25e-05
1730080800079,1.25e-05
1730084400144,1.25e-05
1730088000063,1.25e-05
1730091600061,1.25e-05
1730095200065,1.25e-05
1730098800019,1.25e-05
1730102400139,1.25e-05
1730106000147,1.25e-05
1730109600088,1.25e-05
1730113200019,1.25e-05
1730116800019,1.25e-05
1730120400143,1.25e-05
1730124000111,1.25e-05
1730127600092,1.25e-05
1730131200068,1.25e-05
1730134800084,1.25e-05
1730138400096,1.25e-05
1730142000029,1.25e-05
1730145600116,1.25e-05
1730149200123,1.25e-05
1730152800046,1.25e-05
1730156400052,1.25e-05
1730160000155,1.25e-05
1730163600058,1.25e-05
1730167200134,1.25e-05
1730170800086,1.25e-05
1730174400025,1.66455e-05
1730178000101,1.59979e-05
1730181600101,1.25e-05
1730185200141,1.25e-05
1730188800105,1.25e-05
1730192400168,1.25e-05
1730196000158,1.25e-05
1730199600048,1.25e-05
1730203200111,1.41286e-05
1730206800055,1.86594e-05
1730210400027,1.25e-05
1730214000001,1.25e-05
1730217600119,2.61234e-05
1730221200047,2.03362e-05
1730224800035,2.52269e-05
1730228400028,3.38586e-05
1730232000059,4.32251e-05
1730235600119,3.75319e-05
1730239200028,3.83796e-05
1730242800064,4.84852e-05
1730246400080,4.78473e-05
1730250000075,3.82699e-05
1730253600097,2.96296e-05
1730257200028,3.74894e-05
1730260800002,2.81936e-05
1730264400012,2.97421e-05
1730268000048,2.66436e-05
1730271600072,2.76514e-05
1730275200115,1.25e-05
1730278800180,1.25e-05
1730282400124,1.25e-05
1730286000077,1.62307e-05
1730289600005,1.25e-05
1730293200014,1.25e-05
1730296800156,1.25e-05
1730300400128,1.25e-05
1730304000165,1.25e-05
1730307600041,1.25e-05
1730311200019,1.25e-05
1730314800050,1.69826e-05
1730318400007,1.63559e-05
1730322000171,1.38147e-05
1730325600081,3.12803e-05
1730329200079,2.24553e-05
1730332800027,2.57861e-05
1730336400143,1.25e-05
1730340000085,1.25e-05
1730343600131,2.10393e-05
1730347200125,1.25e-05
1730350800125,1.25e-05
1730354400159,1.25e-05
1730358000022,1.81292e-05
1730361600143,1.44368e-05
1730365200079,1.25e-05
1730368800126,1.25e-05
1730372400080,1.25e-05
1730376000127,1.25e-05
1730379600137,1.25e-05
1730383200093,1.25e-05
1730386800134,1.25e-05
1730390400034,1.25e-05
1730394000082,1.25e-05
1730397600091,1.25e-05
1730401200061,1.25e-05
1730404800047,1.25e-05
1730408400042,1.25e-05
1730412000024,4.31095e-05
1730415600138,4.17356e-05
1730419200114,5.41318e-05
1730422800181,2.74232e-05
1730426400000,2.2013e-05
1730430000050,5.20843e-05
1730433600060,4.51626e-05
1730437200151,4.38661e-05
1730440800161,3.55419e-05
1730444400129,1.25e-05
1730448000108,1.25e-05
1730451600039,1.25e-05
1730455200045,1.25e-05
1730458800130,2.57682e-05
1730462400176,4.10499e-05
1730466000180,3.23098e-05
1730469600075,3.89777e-05
1730473200149,1.25e-05
1730476800124,1.25e-05
1730480400046,1.25e-05
1730484000043,1.25e-05
1730487600099,1.25e-05
1730491200130,1.25e-05
1730494800004,1.25e-05
1730498400017,1.25e-05
1730502000009,1.25e-05
1730505600123,1.25e-05
1730509200007,1.25e-05
1730512800064,1.25e-05
1730516400128,1.25e-05
1730520000133,1.25e-05
1730523600016,1.25e-05
1730527200118,1.25e-05
1730530800076,1.25e-05
1730534400004,1.25e-05
1730538000056,1.25e-05
1730541600104,1.25e-05
1730545200083,1.25e-05
1730548800114,1.25e-05
1730552400003,1.25e-05
1730556000165,1.25e-05
1730559600016,1.25e-05
1730563200115,1.25e-05
1730566800040,1.25e-05
1730570400085,1.25e-05
1730574000093,1.25e-05
1730577600057,1.25e-05
1730581200019,1.25e-05
1730584800172,1.25e-05
1730588400019,1.25e-05
1730592000032,1.25e-05
1730595600147,1.25e-05
1730599200056,1.25e-05
1730602800077,1.25e-05
1730606400080,1.25e-05
1730610000020,1.25e-05
1730613600108,1.25e-05
1730617200009,1.25e-05
1730620800102,1.25e-05
1730624400141,1.25e-05
1730628000130,1.25e-05
1730631600038,1.25e-05
1730635200021,1.25e-05
1730638800078,1.25e-05
1730642400137,1.25e-05
1730646000018,1.25e-05
1730649600115,1.25e-05
1730653200162,1.25e-05
1730656800015,1.25e-05
1730660400077,1.25e-05
1730664000042,1.25e-05
1730667600047,1.25e-05
1730671200017,1.25e-05
1730674800032,1.25e-05
1730678400078,1.25e-05
1730682000137,1.25e-05
1730685600009,1.25e-05
1730689200087,1.25e-05
1730692800091,1.25e-05
1730696400121,1.25e-05
1730700000008,1.25e-05
1730703600087,1.25e-05
1730707200041,1.25e-05
1730710800069,1.25e-05
1730714400074,1.25e-05
1730718000019,1.25e-05
1730721600011,1.25e-05
1730725200012,1.25e-05
1730728800123,1.25e-05
1730732400064,1.25e-05
1730736000048,1.25e-05
1730739600123,1.25e-05
1730743200067,1.25e-05
1730746800082,1.25e-05
1730750400089,1.25e-05
1730754000087,1.25e-05
1730757600053,1.25e-05
1730761200044,1.68247e-05
1730764800100,1.25e-05
1730768400153,1.25e-05
1730772000092,1.25e-05
1730775600067,1.25e-05
1730779200133,1.28211e-05
1730782800056,1.32937e-05
1730786400006,2.30566e-05
1730790000070,1.25e-05
1730793600008,1.25e-05
1730797200027,1.25e-05
1730800800027,1.25e-05
1730804400151,1.25e-05
1730808000023,2.05209e-05
1730811600070,2.19721e-05
1730815200019,2.24657e-05
1730818800112,1.82044e-05
1730822400072,1.25e-05
1730826000010,1.25e-05
1730829600100,1.25e-05
1730833200082,1.25e-05
1730836800050,1.25e-05
1730840400042,1.25e-05
1730844000165,1.25e-05
1730847600002,1.25e-05
1730851200047,1.25e-05
1730854800026,1.25e-05
1730858400131,1.25e-05
1730862000139,6.13811e-05
1730865600118,0.0001255304
1730869200013,6.37666e-05
1730872800028,5.12416e-05
1730876400058,5.60047e-05
1730880000002,5.39959e-05
1730883600096,7.38277e-05
1730887200122,4.55341e-05
1730890800051,4.90019e-05
1730894400031,5.55382e-05
1730898000028,4.78369e-05
1730901600012,5.45049e-05
1730905200019,5.56488e-05
1730908800143,4.61357e-05
1730912400057,4.50674e-05
1730916000008,5.23023e-05
1730919600059,6.97038e-05
1730923200002,7.17165e-05
1730926800128,5.75111e-05
1730930400036,5.60942e-05
1730934000076,4.72604e-05
1730937600186,3.46742e-05
1730941200104,1.57151e-05
1730944800086,3.64502e-05
1730948400115,5.455e-05
1730952000030,2.3917e-05
1730955600097,1.25e-05
1730959200080,1.25e-05
1730962800046,1.25e-05
1730966400164,1.74473e-05
1730970000053,3.19581e-05
1730973600085,4.67717e-05
1730977200061,3.13723e-05
1730980800152,1.52889e-05
1730984400068,3.7216e-05
1730988000034,2.40935e-05
1730991600104,2.2946e-05
1730995200065,2.37749e-05
1730998800071,2.51319e-05
1731002400023,4.98503e-05
1731006000018,1.25e-05
1731009600180,1.25e-05
1731013200122,1.25e-05
1731016800107,1.25e-05
1731020400063,1.25e-05
1731024000003,4.26389e-05
1731027600015,3.20487e-05
1731031200080,2.09258e-05
1731034800009,1.25e-05
1731038400051,1.34048e-05
1731042000153,2.91233e-05
1731045600159,2.86503e-05
1731049200059,1.25e-05
1731052800020,3.67129e-05
1731056400153,3.50504e-05
1731060000061,2.80577e-05
1731063600137,2.89268e-05
1731067200095,2.99393e-05
1731070800064,5.42432e-05
1731074400128,6.04737e-05
1731078000027,5.24594e-05
1731081600093,4.14642e-05
1731085200014,3.02712e-05
1731088800156,2.883e-05
1731092400015,5.91318e-05
1731096000150,2.53778e-05
1731099600167,1.25e-05
1731103200091,1.25e-05
1731106800095,1.25e-05
1731110400013,1.25e-05
1731114000033,1.25e-05
1731117600124,1.25e-05
1731121200001,1.25e-05
1731124800106,1.25e-05
1731128400176,1.25e-05
1731132000047,1.25e-05
1731135600178,1.25e-05
1731139200024,1.25e-05
1731142800125,1.25e-05
1731146400057,1.25e-05
1731150000156,1.25e-05
1731153600011,1.25e-05
1731157200130,1.5521e-05
1731160800089,1.25e-05
1731164400013,1.25e-05
1731168000030,1.25e-05
1731171600016,1.25e-05
1731175200173,1.25e-05
1731178800029,1.25e-05
1731182400030,1.25e-05
1731186000081,7.693e-05
1731189600026,6.43548e-05
1731193200045,4.70818e-05
1731196800144,7.66086e-05
1731200400118,4.41752e-05
1731204000114,4.00801e-05
1731207600032,3.95895e-05
1731211200030,4.36831e-05
1731214800062,6.4206e-05
1731218400161,9.38788e-05
1731222000061,4.39776e-05
1731225600083,3.61791e-05
1731229200031,3.88742e-05
1731232800075,5.41115e-05
1731236400039,6.3223e-05
1731240000118,5.94498e-05
1731243600134,6.22501e-05
1731247200040,5.26268e-05
1731250800126,6.2075e-05
1731254400114,3.797e-05
1731258000083,3.15259e-05
1731261600159,6.4841e-05
1731265200028,8.16042e-05
1731268800085,6.13552e-05
1731272400161,4.45426e-05
1731276000004,6.79993e-05
1731279600120,7.54054e-05
1731283200016,6.55298e-05
1731286800050,6.48553e-05
1731290400047,8.29798e-05
1731294000015,8.58099e-05
1731297600013,6.06527e-05
1731301200064,5.87326e-05
1731304800037,4.44175e-05
1731308400172,1.46045e-05
1731312000062,4.08021e-05
1731315600041,3.08043e-05
1731319200166,3.09927e-05
1731322800037,3.07648e-05
1731326400090,1.25e-05
1731330000141,1.25e-05
1731333600159,1.25e-05
1731337200165,1.25e-05
1731340800092,2.2915e-05
1731344400065,4.06e-05
1731348000113,4.24665e-05
1731351600062,6.48863e-05
1731355200126,9.43937e-05
1731358800012,7.72558e-05
1731362400131,6.81487e-05
1731366000177,8.31542e-05
1731369600043,0.0001248826
1731373200048,9.67859e-05
1731376800115,0.0001044957
1731380400200,9.55087e-05
1731384000094,8.64032e-05
1731387600000,0.0001050068
1731391200137,0.0001062821
1731394800129,0.0001169388
1731398400182,0.0001178988
1731402000131,0.0001311829
1731405600076,0.0001271231
1731409200165,0.0001368552
1731412800057,0.0001119091
1731416400034,6.04135e-05
1731420000059,9.05439e-05
1731423600191,0.0001419151
1731427200108,0.0001003092
1731430800022,4.59907e-05
1731434400169,6.87155e-05
1731438000026,7.05859e-05
1731441600038,6.83603e-05
1731445200042,5.97688e-05
1731448800140,1.25e-05
1731452400039,5.97754e-05
1731456000081,4.47177e-05
1731459600001,4.05991e-05
1731463200007,1.55597e-05
1731466800079,1.25e-05
1731470400079,4.28565e-05
1731474000120,5.71143e-05
1731477600038,4.73073e-05
1731481200053,3.35868e-05
1731484800166,4.44847e-05
1731488400021,3.36621e-05
1731492000041,4.66021e-05
1731495600158,4.27837e-05
1731499200145,5.39445e-05
1731502800088,5.82268e-05
1731506400166,7.59546e-05
1731510000038,0.0001050898
1731513600164,0.0001074714
1731517200022,0.0001003213
1731520800114,8.28269e-05
1731524400178,5.73853e-05
1731528000043,3.7762e-05
1731531600187,4.10479e-05
1731535200090,2.00839e-05
1731538800032,2.1678e-05
1731542400152,1.25e-05
1731546000003,1.25e-05
1731549600025,1.25e-05
1731553200187,1.25e-05
1731556800090,1.25e-05
1731560400175,3.36301e-05
1731564000030,2.06755e-05
1731567600089,1.7905e-05
1731571200153,2.95971e-05
1731574800120,3.96992e-05
1731578400033,2.86193e-05
1731582000194,5.45288e-05
1731585600052,1.83192e-05
1731589200150,3.96776e-05
1731592800106,3.18473e-05
1731596400198,1.25e-05
1731600000149,1.25e-05
1731603600015,3.77329e-05
1731607200167,3.20794e-05
1731610800031,1.73027e-05
1731614400020,3.08218e-05
1731618000063,2.6984e-05
1731621600140,2.2967e-05
1731625200014,1.75849e-05
1731628800067,1.25e-05
1731632400013,5.44799e-05
1731636000161,1.25e-05
1731639600169,1.25e-05
1731643200075,1.46123e-05
1731646800138,1.25e-05
1731650400106,1.25e-05
1731654000188,3.68753e-05
1731657600058,7.59484e-05
1731661200099,5.5849e-05
1731664800090,6.88467e-05
1731668400150,2.40673e-05
1731672000047,1.35306e-05
1731675600164,5.64289e-05
1731679200122,6.41963e-05
1731682800078,2.08856e-05
1731686400035,1.39598e-05
1731690000021,2.91316e-05
1731693600183,2.99811e-05
1731697200130,1.25e-05
1731700800017,1.95673e-05
1731704400044,5.66866e-05
1731708000129,4.12424e-05
1731711600019,3.36099e-05
1731715200117,3.05065e-05
1731718800010,2.17e-05
1731722400018,3.62503e-05
1731726000098,3.424e-05
1731729600151,3.41742e-05
1731733200147,3.06173e-05
1731736800088,1.71444e-05
1731740400010,2.35387e-05
1731744000015,3.07576e-05
1731747600195,2.65171e-05
1731751200142,2.86808e-05
1731754800109,3.46531e-05
1731758400136,2.84595e-05
1731762000122,2.86631e-05
1731765600095,2.95904e-05
1731769200023,3.02765e-05
1731772800017,2.42887e-05
1731776400011,1.25e-05
1731780000153,3.54894e-05
1731783600012,5.82203e-05
1731787200011,6.16475e-05
1731790800089,5.21382e-05
1731794400098,4.95695e-05
1731798000057,4.57797e-05
1731801600163,2.97927e-05
1731805200138,3.42763e-05
1731808800087,1.41608e-05
1731812400025,1.6041e-05
1731816000200,4.58845e-05
1731819600019,4.21907e-05
1731823200083,4.24867e-05
1731826800034,4.22567e-05
1731830400066,4.63353e-05
1731834000079,3.95345e-05
1731837600016,5.2423e-05
1731841200144,4.97056e-05
1731844800110,2.84451e-05
1731848400017,2.66454e-05
1731852000012,5.74534e-05
1731855600107,6.94055e-05
1731859200002,5.00883e-05
1731862800049,2.91992e-05
1731866400029,4.66172e-05
1731870000015,4.79512e-05
1731873600006,5.28665e-05
1731877200092,4.0716e-05
1731880800080,6.03462e-05
1731884400124,3.33471e-05
1731888000054,6.16862e-05
1731891600009,4.54313e-05
1731895200088,4.20371e-05
1731898800061,5.71542e-05
1731902400042,8.04818e-05
1731906000042,8.25843e-05
1731909600088,8.95718e-05
1731913200060,0.0001038089
1731916800147,0.0001041016
1731920400123,6.88557e-05
1731924000126,7.03319e-05
1731927600036,7.52879e-05
1731931200187,4.17644e-05
1731934800049,3.30838e-05
1731938400135,5.9486e-05
1731942000016,8.79358e-05
1731945600006,6.44519e-05
1731949200156,6.25631e-05
1731952800036,7.52325e-05
1731956400055,3.02566e-05
1731960000028,5.29181e-05
1731963600180,8.68448e-05
1731967200037,7.36859e-05
1731970800119,7.31585e-05
1731974400045,5.2195e-05
1731978000068,3.00946e-05
1731981600052,4.61264e-05
1731985200012,5.82928e-05
1731988800130,6.54582e-05
1731992400036,5.56936e-05
1731996000042,6.54942e-05
1731999600096,8.87585e-05
1732003200108,9.37759e-05
1732006800084,7.86925e-05
1732010400038,5.58246e-05
1732014000026,5.90236e-05
1732017600032,5.57678e-05
1732021200049,7.84159e-05
1732024800071,8.28794e-05
1732028400040,6.43567e-05
1732032000033,6.51224e-05
1732035600037,6.42045e-05
1732039200049,7.77074e-05
1732042800141,9.12606e-05
1732046400111,5.91954e-05
1732050000022,4.91368e-05
1732053600126,2.77083e-05
1732057200137,2.80215e-05
1732060800004,3.5744e-05
1732064400009,3.10681e-05
1732068000096,3.68771e-05
1732071600086,5.23311e-05
1732075200022,4.25212e-05
1732078800104,5.46522e-05
1732082400124,7.84053e-05
1732086000151,7.87217e-05
1732089600000,6.19655e-05
1732093200080,9.24953e-05
1732096800056,6.8381e-05
1732100400035,5.85107e-05
1732104000003,5.5788e-05
1732107600016,6.18208e-05
1732111200164,6.98151e-05
1732114800000,6.10837e-05
1732118400138,2.93825e-05
1732122000063,1.25e-05
1732125600107,1.25e-05
1732129200153,1.25e-05
1732132800063,1.25e-05
1732136400002,1.25e-05
1732140000154,1.25e-05
1732143600044,1.25e-05
1732147200158,1.25e-05
1732150800103,1.25e-05
1732154400048,1.40049e-05
1732158000000,1.25e-05
1732161600033,3.34717e-05
1732165200029,3.47111e-05
1732168800040,2.38414e-05
1732172400154,2.88351e-05
1732176000026,4.28213e-05
1732179600027,2.32875e-05
1732183200129,3.07132e-05
1732186800099,3.53226e-05
1732190400060,3.67566e-05
1732194000044,4.1209e-05
1732197600037,5.09548e-05
1732201200083,5.54089e-05
1732204800014,2.13949e-05
1732208400009,3.78686e-05
1732212000036,4.14539e-05
1732215600017,1.42125e-05
1732219200052,4.8857e-05
1732222800010,4.54425e-05
1732226400177,3.79985e-05
1732230000147,5.63095e-05
1732233600010,5.16612e-05
1732237200038,3.65681e-05
1732240800137,4.56513e-05
1732244400041,6.00496e-05
1732248000014,7.15037e-05
1732251600083,7.02891e-05
1732255200105,6.80565e-05
1732258800116,6.35496e-05
1732262400170,6.69612e-05
1732266000156,7.5054e-05
1732269600112,6.80988e-05
1732273200013,6.56593e-05
1732276800054,6.19291e-05
1732280400164,7.82597e-05
1732284000085,5.98842e-05
1732287600173,6.25978e-05
1732291200072,6.01626e-05
1732294800033,5.0601e-05
1732298400000,5.97943e-05
1732302000034,2.62075e-05
1732305600003,5.18794e-05
1732309200110,4.44832e-05
1732312800019,1.25e-05
1732316400010,5.41382e-05
1732320000189,3.79347e-05
1732323600043,5.31778e-05
1732327200013,3.68798e-05
1732330800022,1.31742e-05
1732334400114,2.46519e-05
1732338000074,3.03705e-05
1732341600129,3.63966e-05
1732345200128,4.48171e-05
1732348800001,4.027e-05
1732352400138,4.0421e-05
1732356000122,2.79584e-05
1732359600104,3.00842e-05
1732363200040,3.01917e-05
1732366800187,3.41145e-05
1732370400024,4.49491e-05
1732374000117,5.64415e-05
1732377600053,5.20241e-05
1732381200188,2.86661e-05
1732384800028,5.79059e-05
1732388400122,5.01359e-05
1732392000110,4.73548e-05
1732395600117,4.17684e-05
1732399200146,5.60118e-05
1732402800057,5.15212e-05
1732406400116,4.90384e-05
1732410000034,4.88085e-05
1732413600161,5.22761e-05
1732417200183,6.07998e-05
1732420800008,5.0165e-05
1732424400158,5.64747e-05
1732428000083,6.18688e-05
1732431600034,5.5494e-05
1732435200105,4.60347e-05
1732438800028,2.94234e-05
1732442400017,2.7167e-05
1732446000086,3.35486e-05
1732449600009,3.07463e-05
1732453200072,3.71458e-05
1732456800139,4.02799e-05
1732460400016,6.81239e-05
1732464000029,6.35932e-05
1732467600143,7.03682e-05
1732471200007,8.32232e-05
1732474800055,8.74109e-05
1732478400079,6.8031e-05
1732482000086,8.16332e-05
1732485600075,4.4523e-05
1732489200006,8.96954e-05
1732492800027,9.77972e-05
1732496400099,8.51458e-05
1732500000014,8.12469e-05
1732503600170,8.12984e-05
1732507200109,7.58741e-05
1732510800059,7.41041e-05
1732514400056,7.37142e-05
1732518000032,8.02599e-05
1732521600041,7.1022e-05
1732525200196,7.1919e-05
1732528800059,7.96829e-05
1732532400033,8.48447e-05
1732536000032,8.14035e-05
1732539600094,7.55594e-05
1732543200005,1.25e-05
1732546800055,1.25e-05
1732550400024,1.25e-05
1732554000121,1.25e-05
1732557600003,1.25e-05
1732561200014,1.25e-05
1732564800055,1.25e-05
1732568400130,1.25e-05
1732572000005,1.25e-05
1732575600048,1.25e-05
1732579200187,1.84427e-05
1732582800170,1.25e-05
1732586400032,1.25e-05
1732590000144,1.25e-05
1732593600091,1.25e-05
1732597200048,1.25e-05
1732600800178,1.25e-05
1732604400031,1.25e-05
1732608000020,1.25e-05
1732611600051,1.25e-05
1732615200096,1.25e-05
1732618800155,1.25e-05
1732622400023,2.22177e-05
1732626000084,1.25e-05
1732629600008,1.55999e-05
1732633200097,1.25e-05
1732636800010,1.25e-05
1732640400096,1.25e-05
1732644000005,1.25e-05
1732647600020,1.25e-05
1732651200022,3.04166e-05
1732654800130,4.01901e-05
1732658400006,4.13663e-05
1732662000075,4.26231e-05
1732665600045,3.84694e-05
1732669200019,3.53587e-05
1732672800052,4.23915e-05
1732676400169,2.0635e-05
1732680000180,1.48908e-05
1732683600001,3.67271e-05
1732687200048,4.33533e-05
1732690800005,4.07292e-05
1732694400099,4.92471e-05
1732698000042,2.7093e-05
1732701600054,2.53854e-05
1732705200089,1.25e-05
1732708800045,1.25e-05
1732712400027,1.25e-05
1732716000022,2.28113e-05
1732719600011,3.86003e-05
1732723200003,2.50724e-05
1732726800140,3.11179e-05
1732730400016,1.35359e-05
1732734000013,3.80513e-05
1732737600024,2.06436e-05
1732741200034,1.25e-05
1732744800132,1.25e-05
1732748400094,1.45245e-05
1732752000045,1.25e-05
1732755600086,1.36409e-05
1732759200129,2.27552e-05
1732762800107,3.56387e-05
1732766400055,1.25e-05
1732770000010,1.25e-05
1732773600005,1.25e-05
1732777200027,1.25e-05
1732780800089,1.25e-05
1732784400020,1.25e-05
1732788000117,1.25e-05
1732791600049,1.25e-05
1732795200142,1.25e-05
1732798800069,1.25e-05
1732802400174,1.25e-05
1732806000092,1.25e-05
1732809600166,1.25e-05
1732813200156,1.25e-05
1732816800070,1.25e-05
1732820400024,1.25e-05
1732824000068,1.72144e-05
1732827600011,1.25e-05
1732831200027,2.46079e-05
1732834800103,1.90139e-05
1732838400189,1.55138e-05
1732842000052,1.99832e-05
1732845600022,2.93936e-05
1732849200013,5.26233e-05
1732852800135,4.96278e-05
1732856400101,2.51785e-05
1732860000079,4.29586e-05
1732863600173,2.28855e-05
1732867200316,2.52972e-05
1732870800381,3.19116e-05
1732874400056,3.39528e-05
1732878000186,5.65685e-05
1732881600088,5.17523e-05
1732885200072,1.98321e-05
1732888800050,1.25e-05
1732892400000,3.37534e-05
1732896000038,5.91122e-05
1732899600097,3.18136e-05
1732903200144,2.20249e-05
1732906800046,2.70226e-05
1732910400100,1.25e-05
1732914000069,3.12659e-05
1732917600114,3.54316e-05
1732921200060,3.12096e-05
1732924800132,3.2759e-05
1732928400050,2.11129e-05
1732932000175,2.19778e-05
1732935600000,4.04332e-05
1732939200168,3.41293e-05
1732942800098,3.43705e-05
1732946400013,2.8087e-05
1732950000000,2.93052e-05
1732953600130,1.95735e-05
1732957200051,2.25014e-05
1732960800033,2.18789e-05
1732964400004,1.63283e-05
1732968000046,3.74008e-05
1732971600081,4.38622e-05
1732975200023,2.6266e-05
1732978800055,3.37801e-05
1732982400033,3.19996e-05
1732986000067,2.03359e-05
1732989600086,2.94853e-05
1732993200147,3.43426e-05
1732996800011,1.9089e-05
1733000400136,2.70479e-05
1733004000017,3.45629e-05
1733007600021,2.91249e-05
1733011200042,3.15702e-05
1733014800019,2.88797e-05
1733018400039,2.60341e-05
1733022000000,1.54165e-05
1733025600030,1.25e-05
1733029200057,1.25e-05
1733032800028,1.25e-05
1733036400022,2.00319e-05
1733040000115,1.79517e-05
1733043600137,1.69144e-05
1733047200107,1.54063e-05
1733050800061,1.25e-05
1733054400110,2.1721e-05
1733058000119,1.44629e-05
1733061600166,2.97485e-05
1733065200019,4.07188e-05
1733068800178,2.85568e-05
1733072400013,2.52996e-05
1733076000000,3.43245e-05
1733079600120,3.50789e-05
1733083200096,1.67514e-05
1733086800019,2.1453e-05
1733090400136,3.4035e-05
1733094000017,4.67459e-05
1733097600064,5.36179e-05
1733101200065,3.97646e-05
1733104800134,6.45604e-05
1733108400140,3.9446e-05
1733112000109,2.68274e-05
1733115600028,1.25e-05
1733119200085,1.52708e-05
1733122800011,1.25e-05
1733126400162,1.25e-05
1733130000034,1.25e-05
1733133600120,1.25e-05
1733137200033,1.25e-05
1733140800002,1.25e-05
1733144400039,1.25e-05
1733148000161,1.25e-05
1733151600136,1.25e-05
1733155200006,3.52688e-05
1733158800077,1.25e-05
1733162400163,1.25e-05
1733166000017,1.25e-05
1733169600142,1.25e-05
1733173200101,1.34787e-05
1733176800146,4.12017e-05
1733180400034,3.42569e-05
1733184000180,5.08782e-05
1733187600131,4.60341e-05
1733191200058,3.53351e-05
1733194800112,4.9768e-05
1733198400111,4.68933e-05
1733202000024,4.69175e-05
1733205600017,3.8348e-05
1733209200133,6.85428e-05
1733212800132,4.54998e-05
1733216400123,3.74925e-05
1733220000037,4.05528e-05
1733223600089,4.29901e-05
1733227200179,4.40643e-05
1733230800076,4.17295e-05
1733234400109,2.50596e-05
1733238000078,5.27339e-05
1733241600091,5.1384e-05
1733245200158,4.35305e-05
1733248800000,2.60227e-05
1733252400101,2.06533e-05
1733256000016,5.84038e-05
1733259600010,5.33081e-05
1733263200108,7.54681e-05
1733266800145,6.48108e-05
1733270400128,4.71735e-05
1733274000093,4.36995e-05
1733277600173,5.52048e-05
1733281200030,6.34583e-05
1733284800119,6.54441e-05
1733288400049,7.01567e-05
1733292000009,5.32468e-05
1733295600190,5.1348e-05
1733299200123,5.37782e-05
1733302800007,4.16674e-05
1733306400004,5.61504e-05
1733310000086,4.49982e-05
1733313600064,6.29501e-05
1733317200060,3.95901e-05
1733320800104,5.20289e-05
1733324400024,6.87107e-05
1733328000192,6.37621e-05
1733331600088,3.02821e-05
1733335200197,5.28507e-05
1733338800023,4.53089e-05
1733342400024,0.000110744
1733346000064,0.0001118169
1733349600094,6.73935e-05
1733353200039,6.96843e-05
1733356800043,5.85201e-05
1733360400021,3.24214e-05
1733364000019,2.73276e-05
1733367600018,0.000240871
1733371200017,0.0003102826
1733374800176,0.0001549224
1733378400188,0.0001498587
1733382000008,0.000139605
1733385600120,0.000168235
1733389200045,0.0001296507
1733392800004,0.0001934556
1733396400003,0.0001262496
1733400000042,0.0001206624
1733403600067,0.0002426554
1733407200099,0.0001730833
1733410800049,0.0001493905
1733414400097,0.0001016656
1733418000041,6.73818e-05
1733421600001,5.4766e-05
1733425200061,6.31057e-05
1733428800038,6.22396e-05
1733432400184,2.41683e-05
1733436000023,1.25e-05
1733439600149,0.0001055294
1733443200143,0.0001023558
1733446800187,0.0001147599
1733450400083,0.0001187944
1733454000016,9.01889e-05
1733457600012,6.0577e-05
1733461200025,6.97731e-05
1733464800022,6.05581e-05
1733468400114,7.4672e-05
1733472000176,6.99264e-05
1733475600041,7.98578e-05
1733479200033,6.55172e-05
1733482800029,6.00729e-05
1733486400038,4.53419e-05
1733490000002,4.57247e-05
1733493600046,5.67314e-05
1733497200141,5.92405e-05
1733500800065,6.01231e-05
1733504400122,4.00449e-05
1733508000062,7.36243e-05
1733511600093,0.0001100898
1733515200001,8.94444e-05
1733518800169,7.70557e-05
1733522400012,7.10881e-05
1733526000077,7.38102e-05
1733529600117,5.25491e-05
1733533200005,7.40561e-05
1733536800077,6.00268e-05
1733540400005,6.05687e-05
1733544000047,2.93984e-05
1733547600108,4.40539e-05
1733551200082,3.59614e-05
1733554800073,3.39259e-05
1733558400112,4.22697e-05
1733562000190,4.72934e-05
1733565600041,4.64589e-05
1733569200049,2.1445e-05
1733572800039,3.30055e-05
1733576400037,3.69419e-05
1733580000015,1.84299e-05
1733583600069,5.6276e-05
1733587200078,5.54553e-05
1733590800064,5.2882e-05
1733594400013,5.16851e-05
1733598000052,5.87005e-05
1733601600030,8.1076e-05
1733605200167,9.76958e-05
1733608800107,9.30437e-05
1733612400072,7.09432e-05
1733616000184,7.69104e-05
1733619600181,6.77725e-05
1733623200137,6.14516e-05
1733626800135,8.10465e-05
1733630400191,6.4733e-05
1733634000026,6.98014e-05
1733637600009,4.69367e-05
1733641200165,5.42374e-05
1733644800080,6.06224e-05
1733648400072,2.39797e-05
1733652000150,2.39561e-05
1733655600005,3.79235e-05
1733659200024,5.77277e-05
1733662800071,7.14493e-05
1733666400005,8.82005e-05
1733670000009,7.91634e-05
1733673600032,7.58896e-05
1733677200004,7.48245e-05
1733680800078,7.43905e-05
1733684400008,7.02964e-05
1733688000044,5.87477e-05
1733691600016,6.58621e-05
1733695200095,5.76557e-05
1733698800022,6.57802e-05
1733702400197,8.40306e-05
1733706000025,6.77761e-05
1733709600016,6.11535e-05
1733713200013,3.82307e-05
1733716800103,2.75509e-05
1733720400198,3.31048e-05
1733724000146,3.31333e-05
1733727600101,1.25e-05
1733731200100,1.25e-05
1733734800176,1.25e-05
1733738400052,1.25e-05
1733742000007,1.25e-05
1733745600009,1.25e-05
1733749200000,1.25e-05
1733752800014,1.25e-05
1733756400126,3.40848e-05
1733760000113,3.30768e-05
1733763600146,5.65536e-05
1733767200000,3.86013e-05
1733770800128,3.64219e-05
1733774400064,1.25e-05
1733778000032,1.25e-05
1733781600074,4.88758e-05
1733785200012,3.25216e-05
1733788800013,5.16037e-05
1733792400014,5.76059e-05
1733796000013,3.65019e-05
1733799600066,2.68841e-05
1733803200108,1.25e-05
1733806800113,1.25e-05
1733810400107,1.82364e-05
1733814000027,2.71209e-05
1733817600115,1.25e-05
1733821200036,1.25e-05
1733824800027,1.25e-05
1733828400145,2.19751e-05
1733832000107,1.66482e-05
1733835600179,1.25e-05
1733839200083,1.25e-05
1733842800055,2.45272e-05
1733846400157,1.25e-05
1733850000188,1.25e-05
1733853600201,1.51208e-05
1733857200191,4.05427e-05
1733860800011,4.60193e-05
1733864400102,4.42438e-05
1733868000130,5.00307e-05
1733871600073,3.83349e-05
1733875200086,5.69786e-05
1733878800036,2.74443e-05
1733882400011,1.25e-05
1733886000069,1.25e-05
1733889600039,1.25e-05
1733893200032,1.25e-05
1733896800021,1.25e-05
1733900400003,1.25e-05
1733904000007,1.25e-05
1733907600128,1.25e-05
1733911200108,1.25e-05
1733914800000,1.25e-05
1733918400193,1.9085e-05
1733922000031,1.25e-05
1733925600003,2.01131e-05
1733929200192,4.88005e-05
1733932800151,6.34055e-05
1733936400022,4.64859e-05
1733940000038,2.92086e-05
1733943600006,3.1689e-05
1733947200089,2.29886e-05
1733950800070,1.50817e-05
1733954400004,1.76072e-05
1733958000152,2.13064e-05
1733961600095,1.25e-05
1733965200011,1.25e-05
1733968800142,1.25e-05
1733972400041,1.25e-05
1733976000070,1.25e-05
1733979600090,1.25e-05
1733983200187,1.65773e-05
1733986800040,2.59856e-05
1733990400130,3.00093e-05
1733994000031,2.20755e-05
1733997600113,2.07347e-05
1734001200012,1.92708e-05
1734004800116,1.25e-05
1734008400186,1.25e-05
1734012000153,5.6192e-05
1734015600002,2.2617e-05
1734019200005,3.41473e-05
1734022800130,4.30809e-05
1734026400057,4.53891e-05
1734030000002,3.84474e-05
1734033600078,3.72607e-05
1734037200092,4.43669e-05
1734040800068,3.97608e-05
1734044400199,3.53375e-05
1734048000007,2.56785e-05
1734051600006,2.34427e-05
1734055200142,1.25e-05
1734058800132,2.65105e-05
1734062400122,3.60156e-05
1734066000160,2.96646e-05
1734069600174,2.20531e-05
1734073200029,1.68577e-05
1734076800029,1.25e-05
1734080400139,1.25e-05
1734084000090,1.25e-05
1734087600126,1.25e-05
1734091200121,3.06551e-05
1734094800121,2.56758e-05
1734098400156,2.24904e-05
1734102000115,4.04385e-05
1734105600002,1.25e-05
1734109200046,1.25e-05
1734112800025,1.25e-05
1734116400049,1.25e-05
1734120000020,1.25e-05
1734123600110,1.25e-05
1734127200090,1.25e-05
1734130800117,1.25e-05
1734134400106,1.25e-05
1734138000050,2.15781e-05
1734141600070,5.61212e-05
1734145200014,4.11649e-05
1734148800050,5.90439e-05
1734152400058,3.20059e-05
1734156000017,5.01512e-05
1734159600128,4.10717e-05
1734163200018,4.11269e-05
1734166800077,4.0584e-05
1734170400045,3.45656e-05
1734174000086,2.45112e-05
1734177600067,3.33045e-05
1734181200024,2.94492e-05
1734184800138,2.01521e-05
1734188400014,3.2991e-05
1734192000145,2.39771e-05
1734195600175,2.49176e-05
1734199200080,3.13688e-05
1734202800001,1.37644e-05
1734206400132,2.57616e-05
1734210000117,1.25e-05
1734213600120,1.25e-05
1734217200155,1.30216e-05
1734220800140,1.84891e-05
1734224400156,2.50788e-05
1734228000137,4.26109e-05
1734231600012,2.21185e-05
1734235200045,1.25e-05
1734238800063,1.25e-05
1734242400037,1.25e-05
1734246000190,1.25e-05
1734249600001,3.57358e-05
1734253200193,3.07298e-05
1734256800095,5.51575e-05
1734260400117,9.80657e-05
1734264000054,0.000110857
1734267600108,8.37085e-05
1734271200120,7.85392e-05
1734274800039,9.58548e-05
1734278400054,7.18297e-05
1734282000043,9.33214e-05
1734285600004,0.000146205
1734289200034,0.0001032644
1734292800007,0.0001031716
1734296400025,7.97506e-05
1734300000004,9.15984e-05
1734303600059,5.9925e-05
1734307200057,0.0001362994
1734310800062,0.000175647
1734314400100,0.0001124093
1734318000020,8.0003e-05
1734321600126,7.55512e-05
1734325200134,5.15323e-05
1734328800044,5.05384e-05
1734332400124,5.27164e-05
1734336000011,4.85057e-05
1734339600164,4.02688e-05
1734343200129,4.963e-05
1734346800125,2.64495e-05
1734350400065,1.25e-05
1734354000027,1.80998e-05
1734357600037,7.06784e-05
1734361200036,8.88496e-05
1734364800030,8.9885e-05
1734368400128,5.3015e-05
1734372000081,2.28453e-05
1734375600179,2.6441e-05
1734379200011,4.12155e-05
1734382800139,1.87906e-05
1734386400178,2.23032e-05
1734390000141,3.69911e-05
1734393600027,3.35809e-05
1734397200190,3.87752e-05
1734400800131,4.93628e-05
1734404400052,4.43605e-05
1734408000112,3.91041e-05
1734411600073,1.57962e-05
1734415200042,1.25e-05
1734418800001,1.25e-05
1734422400199,2.52223e-05
1734426000041,4.27773e-05
1734429600030,2.79424e-05
1734433200059,4.87711e-05
1734436800135,4.34306e-05
1734440400089,3.79267e-05
1734444000008,2.66925e-05
1734447600051,4.9441e-05
1734451200107,3.09759e-05
1734454800005,3.46713e-05
1734458400001,2.69191e-05
1734462000091,2.14485e-05
1734465600152,2.20173e-05
1734469200014,2.179e-05
1734472800139,1.25e-05
1734476400030,1.25e-05
1734480000134,1.25e-05
1734483600017,1.25e-05
1734487200075,1.25e-05
1734490800024,1.25e-05
1734494400008,1.25e-05
1734498000033,1.25e-05
1734501600010,1.25e-05
1734505200190,1.25e-05
1734508800172,1.25e-05
1734512400153,2.66248e-05
1734516000036,4.42973e-05
1734519600017,7.02105e-05
1734523200021,9.43209e-05
1734526800186,0.000100916
1734530400040,6.01069e-05
1734534000062,3.06574e-05
1734537600165,1.25e-05
1734541200133,2.45425e-05
1734544800004,5.98424e-05
1734548400131,2.76467e-05
1734552000058,3.3927e-05
1734555600061,1.25e-05
1734559200151,7.56493e-05
1734562800109,1.25e-05
1734566400138,1.25e-05
1734570000134,1.25e-05
1734573600015,1.25e-05
1734577200026,1.25e-05
1734580800134,3.95094e-05
1734584400007,2.01376e-05
1734588000108,3.35628e-05
1734591600189,3.72565e-05
1734595200086,3.96915e-05
1734598800006,1.82333e-05
1734602400020,2.15468e-05
1734606000065,1.25e-05
1734609600143,2.17314e-05
1734613200023,2.44919e-05
1734616800137,1.25e-05
1734620400141,1.25e-05
1734624000033,1.25e-05
1734627600004,1.25e-05
1734631200081,1.25e-05
1734634800069,1.25e-05
1734638400105,1.25e-05
1734642000149,1.25e-05
1734645600062,3.41329e-05
1734649200062,1.25e-05
1734652800089,1.25e-05
1734656400028,1.25e-05
1734660000068,1.25e-05
1734663600023,1.25e-05
1734667200007,1.25e-05
1734670800148,1.25e-05
1734674400043,1.25e-05
1734678000058,1.25e-05
1734681600050,1.25e-05
1734685200041,1.25e-05
1734688800015,1.25e-05
1734692400165,1.25e-05
1734696000134,1.25e-05
1734699600054,1.25e-05
1734703200157,2.61367e-05
1734706800372,1.25e-05
1734710400071,1.25e-05
1734714000158,1.8781e-05
1734717600175,1.25e-05
1734721200089,1.25e-05
1734724800076,1.25e-05
1734728400218,1.25e-05
1734732000090,1.25e-05
1734735601106,1.25e-05
1734739200176,1.25e-05
1734742800125,1.25e-05
1734746400025,1.25e-05
1734750000461,1.25e-05
1734753600463,1.25e-05
1734757200612,1.25e-05
1734760800178,1.25e-05
1734764400062,2.33389e-05
1734768000183,2.35088e-05
1734771600199,1.37966e-05
1734775200079,2.1983e-05
1734778800083,1.25e-05
1734782400088,1.25879e-05
1734786000065,1.25e-05
1734789600110,1.25e-05
1734793200221,1.25e-05
1734796800103,1.25e-05
1734800400106,1.25e-05
1734804000270,1.25e-05
1734807600136,1.25e-05
1734811200200,1.25e-05
1734814800065,2.06387e-05
1734818400060,1.25e-05
1734822000098,1.25e-05
1734825600296,1.25e-05
1734829200167,1.25e-05
1734832800177,1.25e-05
1734836400496,1.25e-05
1734840000535,1.25e-05
1734843600183,1.25e-05
1734847200088,1.25e-05
1734850800001,1.25e-05
1734854400256,1.25e-05
1734858000151,1.25e-05
1734861600387,1.25e-05
1734865200259,1.25e-05
1734868800073,8.7032e-06
1734872400009,1.25e-05
1734876000000,1.25e-05
1734879600080,1.25e-05
1734883200130,1.25e-05
1734886800087,1.25e-05
1734890400270,1.25e-05
1734894000174,1.25e-05
1734897600229,1.25e-05
1734901200173,1.25e-05
1734904800014,1.25e-05
1734908400046,1.25e-05
1734912000211,1.25e-05
1734915600010,1.25e-05
1734919200090,1.25e-05
1734922800235,1.25e-05
1734926400204,1.25e-05
1734930000445,1.25e-05
1734933600146,-3.161e-07
1734937200295,-3.22795e-05
1734940800718,-9.5318e-06
1734944400147,6.4073e-06
1734948000047,1.25e-05
1734951600034,1.25e-05
1734955200188,1.25e-05
1734958800165,1.25e-05
1734962400151,1.25e-05
1734966000328,1.25e-05
1734969600214,1.25e-05
1734973200101,1.25e-05
1734976800092,1.25e-05
1734980400305,1.25e-05
1734984000315,1.25e-05
1734987600326,1.25e-05
1734991200121,1.46495e-05
1734994800365,2.48967e-05
1734998400623,1.25e-05
1735002000106,1.25e-05
1735005600109,1.25e-05
1735009200094,1.25e-05
1735012800136,1.25e-05
1735016400121,1.25e-05
1735020000016,1.25e-05
1735023600429,1.25e-05
1735027200112,1.25e-05
1735030800128,1.25e-05
1735034400082,1.25e-05
1735038000001,1.25e-05
1735041600173,1.25e-05
1735045200001,1.25e-05
1735048800034,1.98542e-05
1735052400069,3.52985e-05
1735056000181,1.25e-05
1735059600249,1.25e-05
1735063200085,9.2522e-06
1735066800177,-2.6016e-05
1735070400113,-2.01301e-05
1735074000590,1.25e-05
1735077600084,1.25e-05
1735081200123,1.25e-05
1735084800015,1.25e-05
1735088400601,9.7176e-06
1735092000359,8.337e-07
1735095600132,1.25e-05
1735099200776,1.25e-05
1735102800076,1.25e-05
1735106400119,1.25e-05
1735110000298,1.25e-05
1735113600036,1.25e-05
1735117200563,1.25e-05
1735120800531,1.25e-05
1735124400119,1.25e-05
1735128000000,1.25e-05
1735131600040,1.25e-05
1735135200455,1.25e-05
1735138800061,1.25e-05
1735142400028,1.25e-05
1735146000169,1.25e-05
1735149600017,1.25e-05
1735153200113,1.25e-05
1735156800004,1.25e-05
1735160400585,1.25e-05
1735164000343,1.25e-05
1735167600007,1.25e-05
1735171200565,1.25e-05
1735174800080,1.25e-05
1735178400089,1.25e-05
1735182000693,1.25e-05
1735185600063,1.25e-05
1735189200573,1.25e-05
1735192800061,1.25e-05
1735196400031,1.25e-05
1735200000635,9.9745e-06
1735203600103,1.25e-05
1735207200621,1.25e-05
1735210800108,1.25e-05
1735214400786,2.43181e-05
1735218000746,1.25e-05
1735221600153,1.7783e-05
1735225200361,1.31327e-05
1735228800783,1.25e-05
1735232400262,1.25e-05
1735236000065,2.4322e-05
1735239600024,1.25e-05
1735243200510,1.25e-05
1735246800015,1.86004e-05
1735250400031,2.81322e-05
1735254000101,5.04655e-05
1735257600011,5.10474e-05
1735261200074,2.63396e-05
1735264800047,2.24478e-05
1735268400640,3.85901e-05
1735272000266,2.89524e-05
1735275600123,1.46279e-05
1735279200110,1.25e-05
1735282800104,1.25e-05
1735286400757,1.25e-05
1735290000104,1.25e-05
1735293600013,1.25e-05
1735297200522,1.25e-05
1735300800848,1.25e-05
1735304400549,4.02342e-05
1735308000059,1.60684e-05
1735311600047,1.25e-05
1735315200111,1.25e-05
1735318800120,1.25e-05
1735322400103,1.25e-05
1735326000038,1.25e-05
1735329600144,1.25e-05
1735333200111,1.25e-05
1735336800250,1.25e-05
1735340400044,1.25e-05
1735344000216,1.25e-05
1735347600296,1.25e-05
1735351200080,1.25e-05
1735354800079,1.25e-05
1735358400020,1.25e-05
1735362000248,1.25e-05
1735365600284,1.25e-05
1735369200034,1.25e-05
1735372800267,1.25e-05
1735376400206,1.25e-05
1735380000038,1.25e-05
1735383600431,1.25e-05
1735387200072,1.25e-05
1735390800328,1.25e-05
1735394400016,1.25e-05
1735398000073,1.93278e-05
1735401600227,2.22785e-05
1735405200101,2.07298e-05
1735408800121,2.08415e-05
1735412400042,1.25e-05
1735416000020,1.77335e-05
1735419600343,1.25e-05
1735423200159,1.25e-05
1735426800457,1.25e-05
1735430400072,2.29007e-05
1735434000123,1.25e-05
1735437600104,1.25e-05
1735441200333,1.25e-05
1735444800892,1.25e-05
1735448400034,1.25e-05
1735452000087,1.25e-05
1735455600850,1.25e-05
1735459200004,1.25e-05
1735462800035,1.25e-05
1735466400667,1.25e-05
1735470000960,1.25e-05
1735473600040,1.25e-05
1735477200387,1.25e-05
1735480800151,1.25e-05
1735484400351,1.25e-05
1735488000353,1.25e-05
1735491600405,1.25e-05
1735495200486,1.25e-05
1735498800024,1.25e-05
1735502400083,1.25e-05
1735506000766,1.25e-05
1735509601218,1.25e-05
1735513200026,1.25e-05
1735516800793,1.25e-05
1735520400380,1.25e-05
1735524000484,1.33961e-05
1735527600109,5.06256e-05
1735531200532,3.05834e-05
1735534800438,4.1758e-05
1735538400375,3.27709e-05
1735542000542,1.35987e-05
1735545600011,1.25e-05
1735549200333,1.47812e-05
1735552800117,1.25e-05
1735556400112,1.25e-05
1735560000460,1.25e-05
1735563600327,1.48215e-05
1735567200103,1.25e-05
1735570800010,1.25e-05
1735574400098,1.25e-05
1735578000072,1.25e-05
1735581600885,1.25e-05
1735585200074,3.31496e-05
1735588800039,1.25e-05
1735592400279,1.25e-05
1735596000101,1.25e-05
1735599600129,1.25e-05
1735603200090,1.25e-05
1735606800027,1.25e-05
1735610400310,1.25e-05
1735614000061,1.25e-05
1735617600028,1.25e-05
1735621200613,1.25e-05
1735624800861,1.25e-05
1735628400438,1.25e-05
1735632000107,1.25e-05
1735635600420,5.45464e-05
1735639200116,2.40244e-05
1735642800436,1.38039e-05
1735646400100,1.25e-05
1735650000127,1.63843e-05
1735653600001,3.15644e-05
1735657200119,2.53336e-05
1735660800034,1.25e-05
1735664400101,1.25e-05
1735668000088,1.25e-05
1735671600057,1.25e-05
1735675200076,1.33681e-05
1735678800120,1.29198e-05
1735682400002,1.9994e-05
1735686000138,1.25e-05
1735689600054,1.25e-05
1735693200077,1.81785e-05
1735696800072,3.42325e-05
1735700400125,4.4799e-05
1735704000070,5.19877e-05
1735707600170,4.48671e-05
1735711200066,5.40558e-05
1735714800086,5.96337e-05
1735718400132,6.18781e-05
1735722000046,4.45835e-05
1735725600089,1.25e-05
1735729200037,2.3271e-05
1735732800109,3.6664e-05
1735736400136,3.84887e-05
1735740000197,4.67339e-05
1735743600144,1.93354e-05
1735747200147,5.13749e-05
1735750800012,3.57195e-05
1735754400038,1.40523e-05
1735758000085,4.66916e-05
1735761600055,5.65034e-05
1735765200084,6.24829e-05
1735768800022,7.08017e-05
1735772400024,4.51486e-05
1735776000035,2.74845e-05
1735779600036,1.25e-05
1735783200113,1.25e-05
1735786800118,1.25e-05
1735790400032,1.25e-05
1735794000034,1.25e-05
1735797600034,1.25e-05
1735801200117,2.5002e-05
1735804800072,3.67324e-05
1735808400183,2.08376e-05
1735812000103,2.8833e-05
1735815600036,3.03936e-05
1735819200001,1.55111e-05
1735822800000,1.25e-05
1735826400005,1.39711e-05
1735830000058,1.29305e-05
1735833600187,2.62306e-05
1735837200037,1.25e-05
1735840800194,1.25e-05
1735844400036,1.25e-05
1735848000101,1.25e-05
1735851600054,1.25e-05
1735855200028,1.25e-05
1735858800038,1.25e-05
1735862400016,1.25e-05
1735866000130,1.25e-05
1735869600124,1.25e-05
1735873200115,1.25e-05
1735876800045,1.25e-05
1735880400012,1.25e-05
1735884000188,1.25e-05
1735887600102,1.25e-05
1735891200031,1.25e-05
1735894800014,1.25e-05
1735898400053,1.25e-05
1735902000015,1.25e-05
1735905600016,1.25e-05
1735909200072,1.25e-05
1735912800035,1.25e-05
1735916400057,1.25e-05
1735920000097,1.25e-05
1735923600034,1.25e-05
1735927200018,1.25e-05
1735930800050,1.25e-05
1735934400058,1.25e-05
1735938000099,1.25e-05
1735941600061,1.25e-05
1735945200013,1.25e-05
1735948800067,1.25e-05
1735952400033,1.25e-05
1735956000072,1.25e-05
1735959600018,1.25e-05
1735963200119,1.25e-05
1735966800006,1.25e-05
1735970400167,1.25e-05
1735974000098,1.25e-05
1735977600019,1.25e-05
1735981200117,1.25e-05
1735984800045,1.25e-05
1735988400071,1.25e-05
1735992000052,1.25e-05
1735995600105,1.25e-05
1735999200014,1.25e-05
1736002800155,1.25e-05
1736006400022,1.25e-05
1736010000040,1.25e-05
1736013600079,1.25e-05
1736017200101,1.25e-05
1736020800100,1.25e-05
1736024400102,1.25e-05
1736028000010,1.25e-05
1736031600012,1.25e-05
1736035200051,1.25e-05
1736038800122,1.25e-05
1736042400117,1.25e-05
1736046000108,1.25e-05
1736049600097,1.25e-05
1736053200037,1.25e-05
1736056800110,1.25e-05
1736060400194,1.25e-05
1736064000181,1.25e-05
1736067600099,1.25e-05
1736071200095,1.25e-05
1736074800153,1.25e-05
1736078400156,1.25e-05
1736082000028,1.25e-05
1736085600012,1.25e-05
1736089200048,1.25e-05
1736092800155,1.25e-05
1736096400077,1.25e-05
1736100000079,1.25e-05
1736103600168,1.25e-05
1736107200074,1.25e-05
1736110800003,1.25e-05
1736114400035,1.25e-05
1736118000077,1.25e-05
1736121600051,1.25e-05
1736125200060,1.25e-05
1736128800154,1.25e-05
1736132400075,1.25e-05
1736136000128,1.30784e-05
1736139600000,1.82349e-05
1736143200185,1.25e-05
1736146800131,1.25e-05
1736150400073,1.25e-05
1736154000015,1.25e-05
1736157600054,1.25e-05
1736161200042,1.25e-05
1736164800111,1.25e-05
1736168400020,1.25e-05
1736172000121,1.25e-05
1736175600155,1.25e-05
1736179200140,1.25e-05
1736182800077,1.25e-05
1736186400010,1.25e-05
1736190000134,1.25e-05
1736193600187,1.25e-05
1736197200083,1.25e-05
1736200800121,1.25e-05
1736204400186,1.25e-05
1736208000104,1.25e-05
1736211600085,1.25e-05
1736215200091,1.25e-05
1736218800104,1.25e-05
1736222400070,1.25e-05
1736226000009,1.25e-05
1736229600005,1.25e-05
1736233200130,1.25e-05
1736236800163,1.25e-05
1736240400047,1.25e-05
1736244000098,1.25e-05
1736247600103,1.25e-05
1736251200105,1.25e-05
1736254800183,1.25e-05
1736258400052,1.25e-05
1736262000015,1.25e-05
1736265600013,0.000122767
1736269200051,8.04842e-05
1736272800096,1.93388e-05
1736276400188,1.25e-05
1736280000151,1.25e-05
1736283600083,3.42457e-05
1736287200149,0.0001307891
1736290800083,0.0001050585
1736294400045,4.04375e-05
1736298000061,3.16914e-05
1736301600024,1.25e-05
1736305200085,1.25e-05
1736308800082,1.25e-05
1736312400006,1.25e-05
1736316000126,1.25e-05
1736319600099,1.25e-05
1736323200057,1.25e-05
1736326800021,1.25e-05
1736330400130,1.25e-05
1736334000088,1.25e-05
1736337600297,1.25e-05
1736341200100,1.25e-05
1736344800141,1.25e-05
1736348400169,1.25e-05
1736352000035,2.61815e-05
1736355600205,2.12059e-05
1736359200096,1.25e-05
1736362800158,5.47142e-05
1736366400033,9.34098e-05
1736370000050,0.0001233542
1736373600082,9.93965e-05
1736377200059,9.99515e-05
1736380800021,2.38238e-05
1736384400197,1.93181e-05
1736388000118,5.23754e-05
1736391600050,1.25e-05
1736395200092,1.25e-05
1736398800009,1.25e-05
1736402400051,1.25e-05
1736406000029,1.25e-05
1736409600091,1.25e-05
1736413200099,1.25e-05
1736416800050,1.25e-05
1736420400057,1.25e-05
1736424000149,1.25e-05
1736427600013,1.25e-05
1736431200198,9.1037e-06
1736434800148,6.3813e-06
1736438400015,1.25e-05
1736442000118,1.25e-05
1736445600005,1.25e-05
1736449200000,1.25e-05
1736452800045,1.25e-05
1736456400083,1.25e-05
1736460000003,1.25e-05
1736463600084,1.25e-05
1736467200033,1.25e-05
1736470800111,1.25e-05
1736474400183,1.25e-05
1736478000180,1.25e-05
1736481600031,1.25e-05
1736485200133,1.25e-05
1736488800018,1.25e-05
1736492400054,1.25e-05
1736496000107,1.25e-05
1736499600038,1.25e-05
1736503200050,1.25e-05
1736506800023,1.25e-05
1736510400022,1.25e-05
1736514000049,1.25e-05
1736517600033,4.968e-06
1736521200078,6.4248e-06
1736524800097,1.25e-05
1736528400017,1.25e-05
1736532000112,1.25e-05
1736535600114,1.25e-05
1736539200153,1.25e-05
1736542800077,1.25e-05
1736546400025,1.8195e-05
1736550000163,1.51314e-05
1736553600118,1.25e-05
1736557200026,1.49826e-05
1736560800017,1.25e-05
1736564400000,1.25e-05
1736568000085,1.25e-05
1736571600018,1.25e-05
1736575200132,1.25e-05
1736578800031,1.25e-05
1736582400034,1.25e-05
1736586000011,1.25e-05
1736589600001,1.25e-05
1736593200055,1.25e-05
1736596800173,1.25e-05
1736600400099,1.25e-05
1736604000166,1.25e-05
1736607600179,1.25e-05
1736611200177,1.25e-05
1736614800100,1.25e-05
1736618400069,1.25e-05
1736622000007,1.25e-05
1736625600013,1.25e-05
1736629200011,1.25e-05
1736632800145,1.25e-05
1736636400184,1.25e-05
1736640000194,1.25e-05
1736643600014,1.25e-05
1736647200018,1.25e-05
1736650800019,1.25e-05
1736654400003,1.25e-05
1736658000022,1.25e-05
1736661600078,1.25e-05
1736665200023,1.25e-05
1736668800041,1.25e-05
1736672400026,1.25e-05
1736676000012,1.25e-05
1736679600026,1.25e-05
1736683200007,1.25e-05
1736686800104,1.25e-05
1736690400011,1.25e-05
1736694000016,1.25e-05
1736697600136,1.33369e-05
1736701200106,2.2583e-05
1736704800003,1.98524e-05
1736708400087,2.9016e-05
1736712000140,2.58468e-05
1736715600103,3.26025e-05
1736719200174,1.8281e-05
1736722800046,2.17493e-05
1736726400073,1.91522e-05
1736730000151,1.28146e-05
1736733600144,1.25e-05
1736737200003,1.62867e-05
1736740800137,1.25e-05
1736744400131,1.25e-05
1736748000000,1.25e-05
1736751600083,1.25e-05
1736755200072,1.25e-05
1736758800160,1.25e-05
1736762400059,1.25e-05
1736766000062,1.25e-05
1736769600187,1.25e-05
1736773200104,1.2941e-05
1736776800076,1.72555e-05
1736780400082,1.25e-05
1736784000194,1.25e-05
1736787600514,1.25e-05
1736791200117,1.25e-05
1736794800016,1.25e-05
1736798400124,1.25e-05
1736802000069,1.25e-05
1736805600130,1.14611e-05
1736809200053,8.5679e-06
1736812800075,1.23966e-05
1736816400141,9.748e-06
1736820000115,1.25e-05
1736823600069,1.25e-05
1736827200028,1.25e-05
1736830800021,1.25e-05
1736834400128,1.25e-05
1736838000034,1.25e-05
1736841600149,1.25e-05
1736845200182,1.25e-05
1736848800071,1.25e-05
1736852400081,1.25e-05
1736856000083,1.25e-05
1736859600176,1.25e-05
1736863200133,1.25e-05
1736866800123,1.25e-05
1736870400085,1.25e-05
1736874000004,1.25e-05
1736877600060,1.25e-05
1736881200188,1.25e-05
1736884800147,1.25e-05
1736888400072,1.25e-05
1736892000111,1.25e-05
1736895600071,1.25e-05
1736899200012,1.25e-05
1736902800003,4.6335e-06
1736906400002,1.2197e-05
1736910000147,-1.32726e-05
1736913600198,-3.5518e-06
1736917200111,7.5242e-06
1736920800112,3.3173e-06
1736924400054,1.20355e-05
1736928000102,5.5702e-06
1736931600020,8.7437e-06
1736935200107,-2.3373e-06
1736938800047,1.2719e-06
1736942400029,1.15945e-05
1736946000128,1.25e-05
1736949600061,1.25e-05
1736953200030,1.25e-05
1736956800195,1.25e-05
1736960400135,1.25e-05
1736964000124,1.25e-05
1736967600005,1.25e-05
1736971200115,1.25e-05
1736974800087,1.25e-05
1736978400101,1.25e-05
1736982000026,1.25e-05
1736985600186,1.25e-05
1736989200030,1.25e-05
1736992800006,1.25e-05
1736996400167,1.25e-05
1737000000096,1.25e-05
1737003600016,1.25e-05
1737007200009,1.25e-05
1737010800070,1.25e-05
1737014400096,1.25e-05
1737018000037,1.25e-05
1737021600075,1.25e-05
1737025200014,1.25e-05
1737028800144,1.25e-05
1737032400071,1.25e-05
1737036000106,1.25e-05
1737039600095,1.25e-05
1737043200028,1.25e-05
1737046800052,1.25e-05
1737050400064,1.25e-05
1737054000114,1.25e-05
1737057600020,1.25e-05
1737061200122,1.59998e-05
1737064800071,1.25e-05
1737068400088,1.25e-05
1737072000048,1.25e-05
1737075600035,1.25e-05
1737079200000,1.25e-05
1737082800028,1.58777e-05
1737086400153,1.97914e-05
1737090000041,1.42458e-05
1737093600034,2.12092e-05
1737097200011,1.61441e-05
1737100800050,1.59232e-05
1737104400042,2.12e-05
1737108000056,1.68005e-05
1737111600141,2.1403e-05
1737115200077,2.22166e-05
1737118800089,2.36795e-05
1737122400047,1.80215e-05
1737126000132,2.27603e-05
1737129600005,1.58694e-05
1737133200169,1.25e-05
1737136800183,1.25e-05
1737140400116,1.25e-05
1737144000191,1.25e-05
1737147600109,1.25e-05
1737151200071,1.25e-05
1737154800010,1.25e-05
1737158400007,1.25e-05
1737162000151,1.25e-05
1737165600121,1.25e-05
1737169200118,1.25e-05
1737172800019,1.25e-05
1737176400183,1.25e-05
1737180000140,1.25e-05
1737183600030,1.25e-05
1737187200039,1.25e-05
1737190800066,1.25e-05
1737194400096,1.25e-05
1737198000039,1.25e-05
1737201600004,1.25e-05
1737205200088,1.25e-05
1737208800164,1.25e-05
1737212400005,1.25e-05
1737216000154,1.55614e-05
1737219600012,1.25e-05
1737223200086,1.25e-05
1737226800195,1.25e-05
1737230400068,1.25e-05
1737234000103,1.2793e-05
1737237600014,1.25e-05
1737241200059,1.60773e-05
1737244800142,1.25e-05
1737248400105,1.29524e-05
1737252000048,1.31063e-05
1737255600008,3.90406e-05
1737259200008,3.904e-05
1737262800032,2.09958e-05
1737266400076,3.34553e-05
1737270000102,2.55211e-05
1737273600077,2.42257e-05
1737277200040,2.3956e-05
1737280800065,2.13967e-05
1737284400074,1.80095e-05
1737288000085,2.5604e-05
1737291600005,2.43979e-05
1737295200078,2.75475e-05
1737298800079,3.34731e-05
1737302400026,4.09043e-05
1737306000047,4.22971e-05
1737309600130,5.25332e-05
1737313200101,5.77891e-05
1737316800113,8.82277e-05
1737320400051,0.0001409507
1737324000094,3.79111e-05
1737327600074,1.25e-05
1737331200006,1.25e-05
1737334800184,1.25e-05
1737338400106,1.48916e-05
1737342000009,4.15009e-05
1737345600039,5.25141e-05
1737349200014,6.71494e-05
1737352800215,5.49412e-05
1737356400016,0.0001544409
1737360000003,0.0003392506
1737363600044,0.000160057
1737367200018,0.0001040447
1737370800004,8.6017e-05
1737374400105,7.06457e-05
1737378000143,9.12513e-05
1737381600006,0.000114158
1737385200010,6.9584e-05
1737388800025,8.0675e-05
1737392400031,5.94814e-05
1737396000018,3.46814e-05
1737399600012,8.65801e-05
1737403200043,5.14592e-05
1737406800077,9.42107e-05
1737410400023,6.40516e-05
1737414000023,8.39151e-05
1737417600010,1.7564e-05
1737421200089,1.25e-05
1737424800002,1.25e-05
1737428400107,1.25e-05
1737432000050,3.26577e-05
1737435600037,2.12812e-05
1737439200179,1.45781e-05
1737442800020,3.14895e-05
1737446400134,5.24921e-05
1737450000134,5.12792e-05
1737453600001,5.29975e-05
1737457200112,5.56988e-05
1737460800081,7.91702e-05
1737464400042,2.11278e-05
1737468000024,1.35489e-05
1737471600028,3.24526e-05
1737475200106,2.76815e-05
1737478800061,1.25e-05
1737482400024,5.43415e-05
1737486000042,8.25305e-05
1737489600021,3.68535e-05
1737493200005,1.58901e-05
1737496800145,2.90344e-05
1737500400025,1.86429e-05
1737504000037,1.55035e-05
1737507600004,1.25e-05
1737511200100,1.25e-05
1737514800028,2.02345e-05
1737518400007,2.94432e-05
1737522000159,1.81516e-05
1737525600069,1.99523e-05
1737529200065,1.69061e-05
1737532800041,1.25e-05
1737536400006,1.25e-05
1737540000034,1.25e-05
1737543600105,1.25e-05
1737547200036,1.70988e-05
1737550800038,2.15877e-05
1737554400041,1.60439e-05
1737558000065,3.58516e-05
1737561600147,1.79121e-05
1737565200065,2.29375e-05
1737568800070,4.71641e-05
1737572400056,3.03952e-05
1737576000072,3.73116e-05
1737579600060,3.52571e-05
1737583200103,1.25e-05
1737586800074,1.25e-05
1737590400080,1.25e-05
1737594000020,1.25e-05
1737597600043,1.25e-05
1737601200149,1.25e-05
1737604800035,1.25e-05
1737608400035,1.25e-05
1737612000068,1.25e-05
1737615600049,1.25e-05
1737619200161,1.25e-05
1737622800127,1.25e-05
1737626400008,1.25e-05
1737630000036,1.25e-05
1737633600007,1.25e-05
1737637200045,1.25e-05
1737640800036,1.25e-05
1737644400065,1.25e-05
1737648000035,1.25e-05
1737651600094,1.25e-05
1737655200145,1.25e-05
1737658800074,1.25e-05
1737662400101,1.25e-05
1737666000131,1.25e-05
1737669600040,1.25e-05
1737673200069,1.25e-05
1737676800067,1.25e-05
1737680400101,1.25e-05
1737684000069,1.25e-05
1737687600156,1.25e-05
1737691200024,1.25e-05
1737694800116,1.25e-05
1737698400049,1.25e-05
1737702000152,1.25e-05
1737705600090,1.25e-05
1737709200014,1.25e-05
1737712800027,1.25e-05
1737716400122,1.25e-05
1737720000069,1.25e-05
1737723600047,1.25e-05
1737727200170,1.25e-05
1737730800035,1.25e-05
1737734400055,1.25e-05
1737738000026,1.25e-05
1737741600180,1.25e-05
1737745200051,1.25e-05
1737748800041,1.25e-05
1737752400042,1.25e-05
1737756000068,1.25e-05
1737759600006,1.25e-05
1737763200067,1.25e-05
1737766800079,1.25e-05
1737770400082,1.25e-05
1737774000121,1.25e-05
1737777600092,1.25e-05
1737781200054,1.25e-05
1737784800055,1.25e-05
1737788400187,1.25e-05
1737792000085,1.25e-05
1737795600006,1.25e-05
1737799200004,1.25e-05
1737802800178,1.25e-05
1737806400055,1.25e-05
1737810000018,1.25e-05
1737813600025,1.25e-05
1737817200077,1.25e-05
1737820800123,1.25e-05
1737824400019,1.25e-05
1737828000019,1.25e-05
1737831600012,1.25e-05
1737835200020,1.25e-05
1737838800050,1.25e-05
1737842400084,1.25e-05
1737846000013,1.25e-05
1737849600049,1.25e-05
1737853200070,1.25e-05
1737856800092,1.25e-05
1737860400009,1.25e-05
1737864000073,1.25e-05
1737867600031,1.25e-05
1737871200010,1.25e-05
1737874800006,1.25e-05
1737878400013,1.25e-05
1737882000058,1.25e-05
1737885600049,1.25e-05
1737889200045,1.25e-05
1737892800037,1.25e-05
1737896400001,1.25e-05
1737900000063,1.25e-05
1737903600007,1.25e-05
1737907200022,1.25e-05
1737910800047,1.25e-05
1737914400064,1.25e-05
1737918000128,1.25e-05
1737921600027,1.25e-05
1737925200127,1.25e-05
1737928800038,1.25e-05
1737932400004,1.25e-05
1737936000096,1.25e-05
1737939600002,1.25e-05
1737943200014,2.1639e-06
1737946800039,-4.7093e-06
1737950400034,1.25e-05
1737954000026,-8.2361e-06
1737957600085,2.0192e-06
1737961200113,-2.0552e-06
1737964800096,1.25e-05
1737968400068,1.25e-05
1737972000009,1.25e-05
1737975600036,1.25e-05
1737979200167,1.25e-05
1737982800052,1.25e-05
1737986400084,3.5634e-05
1737990000046,1.87516e-05
1737993600043,1.25e-05
1737997200007,1.25e-05
1738000800065,1.25e-05
1738004400066,1.25e-05
1738008000063,1.25e-05
1738011600049,1.25e-05
1738015200044,1.25e-05
1738018800014,1.25e-05
1738022400068,1.25e-05
1738026000099,1.25e-05
1738029600005,1.25e-05
1738033200051,1.25e-05
1738036800067,1.25e-05
1738040400027,1.25e-05
1738044000104,1.25e-05
1738047600002,1.25e-05
1738051200084,1.25e-05
1738054800021,1.25e-05
1738058400111,1.25e-05
1738062000117,1.25e-05
1738065600058,1.25e-05
1738069200027,1.25e-05
1738072800085,1.25e-05
1738076400042,1.25e-05
1738080000030,1.25e-05
1738083600049,1.25e-05
1738087200022,1.25e-05
1738090800074,1.25e-05
1738094400042,1.25e-05
1738098000036,1.25e-05
1738101600019,1.25e-05
1738105200209,9.7789e-06
1738108800065,-1.66555e-05
1738112400006,1.25e-05
1738116000056,1.25e-05
1738119600004,1.25e-05
1738123200012,1.25e-05
1738126800032,1.25e-05
1738130400173,1.25e-05
1738134000098,1.25e-05
1738137600194,1.25e-05
1738141200170,1.25e-05
1738144800059,1.25e-05
1738148400023,1.25e-05
1738152000054,1.25e-05
1738155600034,1.25e-05
1738159200113,9.5703e-06
1738162800052,6.6726e-06
1738166400047,3.6561e-06
1738170000041,-4.8114e-06
1738173600041,1.25e-05
1738177200009,8.4437e-06
1738180800019,7.2181e-06
1738184400052,1.5989e-06
1738188000014,1.0295e-06
1738191600001,1.7166e-06
1738195200017,1.25e-05
1738198800001,1.25e-05
1738202400144,1.25e-05
1738206000065,1.25e-05
1738209600087,1.25e-05
1738213200110,1.25e-05
1738216800062,1.25e-05
1738220400031,1.25e-05
1738224000040,1.25e-05
1738227600060,1.25e-05
1738231200051,1.25e-05
1738234800057,1.25e-05
1738238400053,1.25e-05
1738242000012,1.03589e-05
1738245600000,5.3166e-06
1738249200128,1.25e-05
1738252800140,1.25e-05
1738256400074,1.25e-05
1738260000242,1.25e-05
1738263600001,1.25e-05
1738267200164,1.23934e-05
1738270800058,1.25e-05
1738274400033,1.25e-05
1738278000060,1.25e-05
1738281600035,1.25e-05
1738285200024,1.25e-05
1738288800006,1.25e-05
1738292400040,1.25e-05
1738296000029,9.6792e-06
1738299600015,1.25e-05
1738303200064,1.25e-05
1738306800005,1.25e-05
1738310400005,1.25e-05
1738314000081,1.25e-05
1738317600000,1.25e-05
1738321200004,1.25e-05
1738324800042,1.25e-05
1738328400085,1.25e-05
1738332000033,1.25e-05
1738335600053,1.25e-05
1738339200096,1.25e-05
1738342800118,1.25e-05
1738346400195,1.25e-05
1738350000012,1.25e-05
1738353600009,3.7331e-05
1738357200073,6.4654e-05
1738360800082,4.46042e-05
1738364400000,7.33064e-05
1738368000026,1.89096e-05
1738371600064,1.25e-05
1738375200085,1.25e-05
1738378800076,1.25e-05
1738382400013,1.25e-05
1738386000078,1.25e-05
1738389600093,1.25e-05
1738393200166,1.25e-05
1738396800046,1.25e-05
1738400400157,1.25e-05
1738404000009,1.25e-05
1738407600043,1.25e-05
1738411200101,1.25e-05
1738414800010,1.25e-05
1738418400011,1.25e-05
1738422000124,1.25e-05
1738425600196,1.25e-05
1738429200041,1.25e-05
1738432800083,1.25e-05
1738436400008,1.25e-05
1738440000027,1.25e-05
1738443600041,5.4723e-06
1738447200078,1.25e-05
1738450800138,1.25e-05
1738454400188,1.25e-05
1738458000075,1.25e-05
1738461600181,1.25e-05
1738465200104,1.25e-05
1738468800006,1.25e-05
1738472400025,1.25e-05
1738476000030,1.25e-05
1738479600106,1.25e-05
1738483200018,1.25e-05
1738486800062,1.25e-05
1738490400079,1.25e-05
1738494000006,1.25e-05
1738497600187,1.25e-05
1738501200045,1.25e-05
1738504800026,1.25e-05
1738508400044,1.25e-05
1738512000012,1.25e-05
1738515600164,1.25e-05
1738519200047,1.25e-05
1738522800079,1.25e-05
1738526400244,1.25e-05
1738530000054,1.25e-05
1738533600157,1.25e-05
1738537200081,1.25e-05
1738540800021,2.27986e-05
1738544400171,1.27489e-05
1738548000015,6.42261e-05
1738551600083,5.54485e-05
1738555200169,1.25e-05
1738558800032,1.25e-05
1738562400038,1.25e-05
1738566000159,1.25e-05
1738569600169,1.25e-05
1738573200090,1.25e-05
1738576800008,1.25e-05
1738580400055,1.25e-05
1738584000014,1.25e-05
1738587600091,1.25e-05
1738591200024,1.25e-05
1738594800082,1.25e-05
1738598400068,2.08875e-05
1738602000026,1.25e-05
1738605600048,1.25e-05
1738609200109,1.25e-05
1738612800037,1.25e-05
1738616400067,1.25e-05
1738620000047,1.25e-05
1738623600086,1.25e-05
1738627200170,1.25e-05
1738630800104,1.25e-05
1738634400075,1.25e-05
1738638000165,1.25e-05
1738641600085,1.25e-05
1738645200080,1.25e-05
1738648800109,1.25e-05
1738652400060,1.25e-05
1738656000031,1.25e-05
1738659600070,1.25e-05
1738663200033,1.25e-05
1738666800055,1.25e-05
1738670400088,1.25e-05
1738674000100,1.72977e-05
1738677600246,2.37382e-05
1738681200040,1.94493e-05
1738684800059,2.99428e-05
1738688400063,1.25e-05
1738692000076,1.43665e-05
1738695600074,2.37039e-05
1738699200087,1.38082e-05
1738702800005,1.25e-05
1738706400113,1.25e-05
1738710000060,1.2524e-05
1738713600003,1.25e-05
1738717200029,1.25e-05
1738720800000,1.25e-05
1738724400035,1.25e-05
1738728000032,1.25e-05
1738731600103,1.25e-05
1738735200097,1.25e-05
1738738800021,1.25e-05
1738742400079,1.25e-05
1738746000067,1.25e-05
1738749600129,1.25e-05
1738753200107,1.25e-05
1738756800048,1.45195e-05
1738760400015,1.25e-05
1738764000025,1.82023e-05
1738767600152,1.74722e-05
1738771200083,1.41896e-05
1738774800122,1.25e-05
1738778400063,1.2762e-05
1738782000017,1.25e-05
1738785600089,1.25e-05
1738789200060,1.25e-05
1738792800004,1.25e-05
1738796400195,1.25e-05
1738800000090,1.25e-05
1738803600072,1.25e-05
1738807200065,1.25e-05
1738810800074,1.25e-05
1738814400004,1.25e-05
1738818000049,1.25e-05
1738821600052,1.25e-05
1738825200160,1.25e-05
1738828800075,1.25e-05
1738832400045,1.25e-05
1738836000070,1.25e-05
1738839600072,1.25e-05
1738843200057,1.25e-05
1738846800025,1.25e-05
1738850400048,1.25e-05
1738854000007,1.25e-05
1738857600038,1.25e-05
1738861200010,1.25e-05
1738864800075,1.25e-05
1738868400001,1.25e-05
1738872000074,1.25e-05
1738875600030,1.25e-05
1738879200045,1.25e-05
1738882800038,1.25e-05
1738886400068,1.25e-05
1738890000079,1.25e-05
1738893600030,1.25e-05
1738897200041,1.25e-05
1738900800030,1.25e-05
1738904400124,1.25e-05
1738908000151,1.25e-05
1738911600009,1.25e-05
1738915200098,1.25e-05
1738918800008,1.25e-05
1738922400090,1.25e-05
1738926000129,1.25e-05
1738929600025,1.25e-05
1738933200113,1.25e-05
1738936800035,1.25e-05
1738940400049,1.25e-05
1738944000015,1.25e-05
1738947600106,1.25e-05
1738951200016,1.25e-05
1738954800005,1.25e-05
1738958400065,1.25e-05
1738962000062,1.25e-05
1738965600078,1.25e-05
1738969200096,1.25e-05
1738972800061,1.25e-05
1738976400270,1.25e-05
1738980000081,1.25e-05
1738983600085,1.25e-05
1738987200068,1.25e-05
1738990800066,1.25e-05
1738994400016,1.25e-05
1738998000167,1.25e-05
1739001600073,1.25e-05
1739005200063,1.25e-05
1739008800010,1.25e-05
1739012400037,1.25e-05
1739016000097,1.25e-05
1739019600054,1.25e-05
1739023200123,1.25e-05
1739026800175,1.25e-05
1739030400027,1.25e-05
1739034000013,1.25e-05
1739037600027,2.5036e-06
1739041200041,1.25e-05
1739044800130,1.25e-05
1739048400089,1.25e-05
1739052000032,1.25e-05
1739055600038,1.25e-05
1739059200027,1.25e-05
1739062800059,7.4495e-06
1739066400063,1.25e-05
1739070000004,1.25e-05
1739073600125,1.25e-05
1739077200016,8.2962e-06
1739080800042,1.25e-05
1739084400093,-6.807e-07
1739088000096,3.243e-06
1739091600053,1.25e-05
1739095200009,1.25e-05
1739098800049,1.16636e-05
1739102400016,-2.6773e-06
1739106000027,1.06676e-05
1739109600041,8.8382e-06
1739113200018,1.25e-05
1739116800041,1.25e-05
1739120400072,1.25e-05
1739124000046,1.25e-05
1739127600019,1.25e-05
1739131200172,1.25e-05
1739134800024,1.25e-05
1739138400040,1.25e-05
1739142000039,1.25e-05
1739145600080,1.25e-05
1739149200072,1.25e-05
1739152800014,1.25e-05
1739156400011,1.25e-05
1739160000099,1.25e-05
1739163600052,1.25e-05
1739167200048,1.25e-05
1739170800061,1.25e-05
1739174400078,1.25e-05
1739178000043,1.25e-05
1739181600022,1.25e-05
1739185200015,1.25e-05
1739188800010,1.25e-05
1739192400063,1.25e-05
1739196000046,1.25e-05
1739199600051,1.25e-05
1739203200010,1.25e-05
1739206800040,1.25e-05
1739210400009,1.25e-05
1739214000106,1.25e-05
1739217600018,1.25e-05
1739221200008,1.25e-05
1739224800068,1.25e-05
1739228400090,1.25e-05
1739232000034,1.25e-05
1739235600057,1.25e-05
1739239200033,1.25e-05
1739242800083,1.25e-05
1739246400004,1.25e-05
1739250000064,1.25e-05
1739253600030,1.25e-05
1739257200031,1.25e-05
1739260800197,1.25e-05
1739264400001,1.25e-05
1739268000093,1.25e-05
1739271600025,1.25e-05
1739275200028,1.25e-05
1739278800140,1.25e-05
1739282400065,1.25e-05
1739286000039,1.25e-05
1739289600035,1.25e-05
1739293200025,1.25e-05
1739296800142,1.25e-05
1739300400040,1.25e-05
1739304000012,1.25e-05
1739307600058,1.78752e-05
1739311200091,1.25e-05
1739314800017,1.25e-05
1739318400058,1.25e-05
1739322000080,1.25e-05
1739325600079,1.25e-05
1739329200082,1.25e-05
1739332800048,1.25e-05
1739336400105,1.25e-05
1739340000102,1.25e-05
1739343600002,1.25e-05
1739347200047,1.25e-05
1739350800185,1.25e-05
1739354400044,1.25e-05
1739358000017,1.25e-05
1739361600046,1.25e-05
1739365200018,1.25e-05
1739368800067,1.25e-05
1739372400134,1.25e-05
1739376000013,1.25e-05
1739379600103,1.25e-05
1739383200093,1.25e-05
1739386800226,1.25e-05
1739390400093,1.25e-05
1739394000045,1.25e-05
1739397600030,1.25e-05
1739401200100,1.25e-05
1739404800081,1.25e-05
1739408400043,1.25e-05
1739412000027,1.25e-05
1739415600110,1.25e-05
1739419200076,1.25e-05
1739422800017,1.25e-05
1739426400037,1.25e-05
1739430000047,1.25e-05
1739433600015,1.65782e-05
1739437200027,1.29711e-05
1739440800004,1.56387e-05
1739444400029,1.25e-05
1739448000004,1.25e-05
1739451600036,1.25e-05
1739455200067,1.25e-05
1739458800042,1.25e-05
1739462400027,1.25e-05
1739466000053,1.25e-05
1739469600030,1.25e-05
1739473200001,1.25e-05
1739476800110,1.25e-05
1739480400048,1.25e-05
1739484000009,1.25e-05
1739487600052,1.25e-05
1739491200060,1.25e-05
1739494800023,1.25e-05
1739498400000,1.25e-05
1739502000005,1.25e-05
1739505600118,1.25e-05
1739509200035,1.25e-05
1739512800005,1.25e-05
1739516400016,1.25e-05
1739520000092,1.25e-05
1739523600077,1.25e-05
1739527200051,1.25e-05
1739530800062,1.25e-05
1739534400017,1.25e-05
1739538000060,1.25e-05
1739541600058,1.25e-05
1739545200009,1.25e-05
1739548800020,2.50966e-05
1739552400101,2.59885e-05
1739556000014,3.29604e-05
1739559600019,1.25e-05
1739563200004,1.25e-05
1739566800153,1.25e-05
1739570400106,1.25e-05
1739574000033,1.25e-05
1739577600062,1.25e-05
1739581200096,1.25e-05
1739584800092,1.25e-05
1739588400035,1.25e-05
1739592000013,1.25e-05
1739595600019,1.25e-05
1739599200027,1.25e-05
1739602800050,1.25e-05
1739606400020,1.25e-05
1739610000047,1.25e-05
1739613600034,1.25e-05
1739617200004,1.25e-05
1739620800030,1.25e-05
1739624400004,1.25e-05
1739628000121,1.25e-05
1739631600055,1.25e-05
1739635200163,1.25e-05
1739638800094,1.25e-05
1739642400096,1.25e-05
1739646000069,1.25e-05
1739649600157,1.25e-05
1739653200019,1.25e-05
1739656800087,1.25e-05
1739660400059,1.25e-05
1739664000082,1.25e-05
1739667600042,1.25e-05
1739671200022,1.25e-05
1739674800078,1.25e-05
1739678400034,1.25e-05
1739682000007,1.25e-05
1739685600060,1.25e-05
1739689200059,1.25e-05
1739692800039,1.25e-05
1739696400088,1.25e-05
1739700000086,1.25e-05
1739703600074,1.25e-05
1739707200100,1.25e-05
1739710800081,1.25e-05
1739714400126,1.25e-05
1739718000014,1.25e-05
1739721600015,1.25e-05
1739725200118,1.25e-05
1739728800016,1.25e-05
1739732400038,1.25e-05
1739736000053,1.25e-05
1739739600022,1.25e-05
1739743200096,1.25e-05
1739746800044,1.25e-05
1739750400038,1.25e-05
1739754000055,1.25e-05
1739757600015,1.25e-05
1739761200008,1.25e-05
1739764800050,1.25e-05
1739768400038,1.25e-05
1739772000001,1.25e-05
1739775600006,1.25e-05
1739779200051,1.25e-05
1739782800096,1.25e-05
1739786400007,1.25e-05
1739790000061,1.25e-05
1739793600035,1.25e-05
1739797200000,1.25e-05
1739800800089,1.25e-05
1739804400038,1.25e-05
1739808000048,1.25e-05
1739811600106,1.25e-05
1739815200032,1.25e-05
1739818800022,1.25e-05
1739822400053,1.25e-05
1739826000018,1.25e-05
1739829600005,1.25e-05
1739833200000,1.25e-05
1739836800098,1.25e-05
1739840400003,1.25e-05
1739844000045,1.25e-05
1739847600019,1.25e-05
1739851200028,1.25e-05
1739854800155,1.25e-05
1739858400002,1.25e-05
1739862000046,9.6022e-06
1739865600021,1.25e-05
1739869200048,1.25e-05
1739872800064,1.25e-05
1739876400091,1.25e-05
1739880000026,1.25e-05
1739883600036,1.25e-05
1739887200110,1.25e-05
1739890800023,1.25e-05
1739894400092,1.25e-05
1739898000029,1.25e-05
1739901600043,1.25e-05
1739905200031,1.25e-05
1739908800084,1.25e-05
1739912400014,1.25e-05
1739916000019,1.25e-05
1739919600130,1.25e-05
1739923200076,1.25e-05
1739926800048,1.25e-05
1739930400048,1.25e-05
1739934000021,1.25e-05
1739937600025,1.25e-05
1739941200018,1.25e-05
1739944800012,1.25e-05
1739948400050,1.25e-05
1739952000022,1.25e-05
1739955600091,1.25e-05
1739959200091,1.25e-05
1739962800035,1.25e-05
1739966400109,1.25e-05
1739970000006,1.25e-05
1739973600042,1.25e-05
1739977200101,1.25e-05
1739980800051,1.25e-05
1739984400091,1.25e-05
1739988000018,1.25e-05
1739991600072,1.25e-05
1739995200051,1.25e-05
1739998800014,1.25e-05
1740002400043,1.25e-05
1740006000018,1.25e-05
1740009600055,1.25e-05
1740013200132,1.25e-05
1740016800042,1.46138e-05
1740020400070,1.87455e-05
1740024000031,2.51841e-05
1740027600037,2.1809e-05
1740031200054,1.25e-05
1740034800111,1.25e-05
1740038400010,1.25e-05
1740042000027,1.25e-05
1740045600063,1.25e-05
1740049200004,1.25e-05
1740052800109,1.57248e-05
1740056400140,1.25e-05
1740060000075,1.25e-05
1740063600003,1.25e-05
1740067200078,1.25e-05
1740070800036,1.25e-05
1740074400010,1.25e-05
1740078000089,1.25e-05
1740081600003,-4.8539e-06
1740085200050,-1.02703e-05
1740088800095,-3.65771e-05
1740092400039,7.933e-07
1740096000115,1.25e-05
1740099600066,7.6288e-06
1740103200000,1.21832e-05
1740106800085,1.25e-05
1740110400025,1.25e-05
1740114000031,1.25e-05
1740117600000,1.25e-05
1740121200091,1.25e-05
1740124800085,-1.6283e-05
1740128400036,3.9051e-06
1740132000029,1.25e-05
1740135600119,1.25e-05
1740139200082,-2.02116e-05
1740142800025,-3.64348e-05
1740146400023,2.4228e-06
1740150000029,4.1462e-06
1740153600016,7.5422e-06
1740157200025,1.25e-05
1740160800043,-3.32e-06
1740164400059,1.25e-05
1740168000059,1.25e-05
1740171600000,1.25e-05
1740175200028,8.81249e-05
1740178800096,8.58737e-05
1740182400015,8.24019e-05
1740186000018,8.38611e-05
1740189600086,8.27898e-05
1740193200084,3.62969e-05
1740196800048,3.73013e-05
1740200400000,4.12567e-05
1740204000091,1.25e-05
1740207600123,1.25e-05
1740211200020,1.25e-05
1740214800014,1.25e-05
1740218400206,1.25e-05
1740222000022,1.25e-05
1740225600115,1.25e-05
1740229200015,1.25e-05
1740232800051,1.25e-05
1740236400004,1.25e-05
1740240000035,1.25e-05
1740243600066,1.25e-05
1740247200039,1.25e-05
1740250800094,1.25e-05
1740254400010,1.25e-05
1740258000034,1.25e-05
1740261600068,-3.047e-07
1740265200031,1.25e-05
1740268800060,1.25e-05
1740272400041,1.25e-05
1740276000045,-6.9535e-06
1740279600011,-3.7156e-06
1740283200048,7.747e-06
1740286800034,9.9982e-06
1740290400064,-1.71839e-05
1740294000010,-2.9966e-06
1740297600152,1.25e-05
1740301200027,-1.08995e-05
1740304800011,-1.09497e-05
1740308400166,-2.53608e-05
1740312000052,-1.34125e-05
1740315600098,-1.59735e-05
1740319200050,5.816e-07
1740322800066,-1.14399e-05
1740326400079,-2.8675e-06
1740330000024,1.15098e-05
1740333600068,1.25e-05
1740337200008,1.25e-05
1740340800030,1.25e-05
1740344400023,1.25e-05
1740348000118,1.25e-05
1740351600017,1.25e-05
1740355200123,1.25e-05
1740358800041,1.25e-05
1740362400008,1.25e-05
1740366000005,1.25e-05
1740369600039,1.25e-05
1740373200085,4.7302e-06
1740376800199,1.3725e-06
1740380400017,1.02202e-05
1740384000014,1.25e-05
1740387600101,1.25e-05
1740391200039,1.25e-05
1740394800065,1.25e-05
1740398400048,1.25e-05
1740402000028,1.25e-05
1740405600098,1.25e-05
1740409200019,8.09e-08
1740412800053,3.0328e-06
1740416400162,1.25e-05
1740420000103,1.25e-05
1740423600018,1.25e-05
1740427200109,1.25e-05
1740430800000,1.25e-05
1740434400047,1.25e-05
1740438000197,1.25e-05
1740441600011,1.25e-05
1740445200007,1.25e-05
1740448800064,1.25e-05
1740452400015,1.25e-05
1740456000008,1.25e-05
1740459600131,1.25e-05
1740463200030,1.25e-05
1740466800045,1.25e-05
1740470400042,1.25e-05
1740474000016,1.25e-05
1740477600003,1.25e-05
1740481200135,1.25e-05
1740484800041,1.25e-05
1740488400053,1.25e-05
1740492000000,1.25e-05
1740495600006,1.25e-05
1740499200007,1.25e-05
1740502800035,1.25e-05
1740506400013,3.7608e-05
1740510000031,1.25e-05
1740513600027,1.25e-05
1740517200054,1.25e-05
1740520800040,1.25e-05
1740524400000,1.25e-05
1740528000018,1.25e-05
1740531600028,1.25e-05
1740535200045,1.25e-05
1740538800034,1.25e-05
1740542400031,1.25e-05
1740546000005,1.25e-05
1740549600045,1.25e-05
1740553200033,1.25e-05
1740556800090,1.25e-05
1740560400042,1.25e-05
1740564000041,1.25e-05
1740567600020,1.25e-05
1740571200020,1.25e-05
1740574800024,1.25e-05
1740578400043,1.25e-05
1740582000035,1.25e-05
1740585600086,1.25e-05
1740589200048,1.25e-05
1740592800041,1.25e-05
1740596400182,1.25e-05
1740600000197,1.25e-05
1740603600028,1.25e-05
1740607200064,1.25e-05
1740610800135,1.25e-05
1740614400080,1.25e-05
1740618000065,1.25e-05
1740621600026,1.25e-05
1740625200077,1.25e-05
1740628800028,1.25e-05
1740632400007,1.25e-05
1740636000026,1.25e-05
1740639600052,1.25e-05
1740643200140,1.25e-05
1740646800030,1.25e-05
1740650400090,1.25e-05
1740654000060,1.25e-05
1740657600031,1.25e-05
1740661200037,1.25e-05
1740664800039,1.11926e-05
1740668400051,8.7839e-06
1740672000009,1.25e-05
1740675600060,1.25e-05
1740679200027,9.7515e-06
1740682800036,7.4287e-06
1740686400058,9.2806e-06
1740690000047,1.25e-05
1740693600082,1.25e-05
1740697200080,1.25e-05
1740700800071,1.25e-05
1740704400016,1.25e-05
1740708000023,1.25e-05
1740711600052,1.25e-05
1740715200021,1.25e-05
1740718800040,1.25e-05
1740722400041,1.25e-05
1740726000183,1.25e-05
1740729600099,1.25e-05
1740733200062,1.25e-05
1740736800118,1.25e-05
1740740400032,1.25e-05
1740744000119,1.25e-05
1740747600132,1.25e-05
1740751200024,1.25e-05
1740754800119,1.25e-05
1740758400001,1.25e-05
1740762000029,1.25e-05
1740765600031,6.5803e-06
1740769200008,-1.54769e-05
1740772800006,-1.15492e-05
1740776400042,-1.13187e-05
1740780000048,-1.0807e-05
1740783600132,-9.8058e-06
1740787200033,-1.26746e-05
1740790800110,-1.22834e-05
1740794400017,-2.5338e-06
1740798000076,1.25e-05
1740801600052,1.25e-05
1740805200012,1.0243e-06
1740808800066,5.9597e-06
1740812400024,-1.239e-07
1740816000095,-2.14076e-05
1740819600045,-1.47067e-05
1740823200068,-1.7581e-05
1740826800017,-4.41958e-05
1740830400049,-4.3231e-05
1740834000041,-2.05661e-05
1740837600009,-3.84707e-05
1740841200038,-2.52872e-05
1740844800027,-1.064e-07
1740848400003,-1.3713e-06
1740852000047,1.0514e-06
1740855600093,-8.6788e-06
1740859200035,-5.815e-06
1740862800032,-2.5076e-06
1740866400007,-6.0371e-06
1740870000025,1.25e-05
1740873600094,1.25e-05
1740877200036,1.25e-05
1740880800076,1.25e-05
1740884400016,1.25e-05
1740888000012,1.25e-05
1740891600085,6.2004e-06
1740895200004,-5.787e-07
1740898800083,1.16268e-05
1740902400006,1.25e-05
1740906000055,6.6046e-06
1740909600057,1.25e-05
1740913200110,1.25e-05
1740916800051,1.25e-05
1740920400031,1.25e-05
1740924000018,1.3884e-06
1740927600010,1.14099e-05
1740931200006,1.25e-05
1740934800036,1.25e-05
1740938400042,1.25e-05
1740942000007,1.25e-05
1740945600088,7.7988e-06
1740949200026,1.14304e-05
1740952800027,2.7677e-06
1740956400136,1.9958e-06
1740960000048,1.8745e-06
1740963600018,-3.6122e-06
1740967200076,-1.24113e-05
1740970800003,-7.8886e-06
1740974400243,2.5639e-06
1740978000037,1.25e-05
1740981600048,1.25e-05
1740985200007,1.25e-05
1740988800047,1.25e-05
1740992400041,1.25e-05
1740996000025,1.25e-05
1740999600021,1.25e-05
1741003200007,1.25e-05
1741006800078,1.25e-05
1741010400092,1.25e-05
1741014000031,1.25e-05
1741017600013,1.25e-05
1741021200125,1.25e-05
1741024800013,1.25e-05
1741028400042,1.25e-05
1741032000055,1.25e-05
1741035600008,1.25e-05
1741039200195,1.25e-05
1741042800052,1.07291e-05
1741046400060,1.25e-05
1741050000040,1.25e-05
1741053600091,-1.499e-07
1741057200031,-8.7683e-06
1741060800008,-7.8052e-06
1741064400003,5.4121e-06
1741068000136,1.4218e-06
1741071600015,-8.6703e-06
1741075200045,-5.6639e-06
1741078800049,-9.6731e-06
1741082400050,-1.04155e-05
1741086000048,-1.24657e-05
1741089600008,-1.58831e-05
1741093200030,-2.71606e-05
1741096800038,-1.51457e-05
1741100400014,-2.15757e-05
1741104000078,-2.73437e-05
1741107600027,-2.22147e-05
1741111200006,-2.0445e-06
1741114800111,3.5165e-06
1741118400062,-3.4651e-06
1741122000029,-2.39821e-05
1741125600126,6.1891e-06
1741129200006,1.14338e-05
1741132800036,7.9717e-06
1741136400064,1.25e-05
1741140000053,1.25e-05
1741143600009,1.25e-05
1741147200045,1.04209e-05
1741150800040,1.25e-05
1741154400098,7.839e-06
1741158000153,1.25e-05
1741161600056,1.25e-05
1741165200036,1.14967e-05
1741168800066,1.25e-05
1741172400035,1.25e-05
1741176000044,1.25e-05
1741179600020,1.25e-05
1741183200084,6.2718e-06
1741186800025,9.3039e-06
1741190400043,1.25e-05
1741194000040,5.9486e-06
1741197600020,1.25e-05
1741201200028,1.25e-05
1741204800097,1.25e-05
1741208400112,1.25e-05
1741212000030,1.25e-05
1741215600105,9.7869e-06
1741219200014,1.25e-05
1741222800079,6.0467e-06
1741226400147,2.5414e-06
1741230000072,1.22789e-05
1741233600033,1.25e-05
1741237200043,1.25e-05
1741240800041,1.25e-05
1741244400085,1.25e-05
1741248000022,1.25e-05
1741251600027,1.25e-05
1741255200037,1.05921e-05
1741258800128,1.25e-05
1741262400025,1.25e-05
1741266000132,3.5767e-06
1741269600004,1.9207e-06
1741273200016,8.045e-07
1741276800026,7.4725e-06
1741280400008,2.721e-07
1741284000109,3.8589e-06
1741287600005,1.25e-05
1741291200031,9.4365e-06
1741294800034,1.25e-05
1741298400012,6.4943e-06
1741302000018,1.25e-05
1741305600126,1.25e-05
1741309200001,-1.45629e-05
1741312800013,8.4599e-06
1741316400032,7.5804e-06
1741320000061,6.0645e-06
1741323600050,5.7721e-06
1741327200031,1.04869e-05
1741330800030,1.25e-05
1741334400033,1.25e-05
1741338000011,1.25e-05
1741341600029,1.25e-05
1741345200015,1.25e-05
1741348800014,1.25e-05
1741352400209,1.25e-05
1741356000047,1.25e-05
1741359600037,1.25e-05
1741363200060,1.25e-05
1741366800119,1.25e-05
1741370400136,1.25e-05
1741374000024,1.25e-05
1741377600030,1.25e-05
1741381200112,1.25e-05
1741384800109,1.25e-05
1741388400043,1.25e-05
1741392000069,1.25e-05
1741395600015,1.25e-05
1741399200090,1.25e-05
1741402800072,1.25e-05
1741406400120,1.25e-05
1741410000017,1.25e-05
1741413600027,1.25e-05
1741417200163,1.25e-05
1741420800115,1.25e-05
1741424400028,1.25e-05
1741428000095,1.25e-05
1741431600204,1.25e-05
1741435200039,1.25e-05
1741438800056,1.25e-05
1741442400029,1.25e-05
1741446000027,1.25e-05
1741449600062,1.25e-05
1741453200012,1.25e-05
1741456800081,1.25e-05
1741460400051,1.25e-05
1741464000004,1.25e-05
1741467600032,1.25e-05
1741471200066,1.25e-05
1741474800046,1.25e-05
1741478400011,1.25e-05
1741482000102,1.25e-05
1741485600136,1.25e-05
1741489200034,1.25e-05
1741492800028,1.25e-05
1741496400046,1.25e-05
1741500000063,1.25e-05
1741503600092,1.25e-05
1741507200012,1.25e-05
1741510800030,1.25e-05
1741514400069,1.25e-05
1741518000053,1.25e-05
1741521600119,1.25e-05
1741525200060,1.25e-05
1741528800060,1.25e-05
1741532400014,1.25e-05
1741536000003,1.25e-05
1741539600099,1.25e-05
1741543200029,1.25e-05
1741546800021,1.25e-05
1741550400082,1.25e-05
1741554000052,1.25e-05
1741557600039,1.25e-05
1741561200026,1.25e-05
1741564800002,1.25e-05
1741568400113,1.25e-05
1741572000092,1.25e-05
1741575600091,1.25e-05
1741579200071,1.25e-05
1741582800073,1.25e-05
1741586400050,1.25e-05
1741590000004,1.25e-05
1741593600009,1.25e-05
1741597200107,1.25e-05
1741600800006,1.25e-05
1741604400001,1.25e-05
1741608000027,1.25e-05
1741611600084,1.25e-05
1741615200028,1.25e-05
1741618800027,1.25e-05
1741622400008,1.25e-05
1741626000026,1.25e-05
1741629600015,1.24153e-05
1741633200046,1.25e-05
1741636800020,1.25e-05
1741640400045,1.25e-05
1741644000028,1.25e-05
1741647600061,1.25e-05
1741651200077,1.25e-05
1741654800027,1.25e-05
1741658400066,3.4266e-06
1741662000054,6.2807e-06
1741665600023,7.359e-06
1741669200054,1.25e-05
1741672800068,1.25e-05
1741676400184,1.25e-05
1741680000011,1.25e-05
1741683600057,1.25e-05
1741687200039,1.25e-05
1741690800089,1.25e-05
1741694400067,1.25e-05
1741698000040,1.25e-05
1741701600099,1.25e-05
1741705200013,4.631e-06
1741708800069,-2.5044e-06
1741712400006,-8.53e-07
1741716000016,5.53e-07
1741719600051,1.25e-05
1741723200037,1.25e-05
1741726800002,7.1147e-06
1741730400078,5.7457e-06
1741734000033,2.791e-06
1741737600020,1.9609e-06
1741741200065,-4.497e-07
1741744800179,1.6087e-06
1741748400036,2.4166e-06
1741752000055,3.8402e-06
1741755600079,4.612e-07
1741759200068,4.7983e-06
1741762800010,-3.7488e-06
1741766400024,2.1851e-06
1741770000015,1.21083e-05
1741773600084,1.04053e-05
1741777200015,5.5821e-06
1741780800005,1.18574e-05
1741784400015,1.25e-05
1741788000004,1.25e-05
1741791600059,1.18267e-05
1741795200030,3.0437e-06
1741798800053,6.4345e-06
1741802400072,1.24347e-05
1741806000036,1.25e-05
1741809600036,9.5438e-06
1741813200048,1.24867e-05
1741816800016,6.9636e-06
1741820400075,6.6659e-06
1741824000013,4.676e-06
1741827600039,8.3176e-06
1741831200048,6.3316e-06
1741834800035,1.25e-05
1741838400066,1.25e-05
1741842000085,3.2276e-06
1741845600030,7.067e-07
1741849200042,9.9507e-06
1741852800115,1.06441e-05
1741856400044,7.9622e-06
1741860000009,1.25e-05
1741863600118,4.025e-06
1741867200071,9.755e-07
1741870800051,4.5358e-06
1741874400116,9.7202e-06
1741878000109,1.25e-05
1741881600086,1.25e-05
1741885200026,1.25e-05
1741888800028,4.8603e-06
1741892400005,8.6157e-06
1741896000082,1.1528e-05
1741899600004,1.25e-05
1741903200060,8.6518e-06
1741906800025,1.25e-05
1741910400047,1.25e-05
1741914000000,1.25e-05
1741917600083,1.25e-05
1741921200044,1.25e-05
1741924800062,1.25e-05
1741928400065,1.25e-05
1741932000044,1.25e-05
1741935600003,1.25e-05
1741939200059,1.25e-05
1741942800006,1.25e-05
1741946400088,1.25e-05
1741950000010,1.25e-05
1741953600027,1.25e-05
1741957200043,1.25e-05
1741960800131,1.25e-05
1741964400031,1.25e-05
1741968000062,1.25e-05
1741971600062,1.25e-05
1741975200178,1.25e-05
1741978800049,1.25e-05
1741982400078,-3.2421e-06
1741986000053,-4.50082e-05
1741989600049,-3.66297e-05
1741993200000,-1.50521e-05
1741996800046,-2.2525e-05
1742000400029,-1.58291e-05
1742004000017,-9.3793e-06
1742007600076,-6.4721e-06
1742011200036,-1.33086e-05
1742014800042,-2.70603e-05
1742018400010,-3.6298e-05
1742022000127,-4.31795e-05
1742025600029,-1.67607e-05
1742029200028,-2.12838e-05
1742032800031,-5.0499e-06
1742036400090,-8.00143e-05
1742040000138,-5.88574e-05
1742043600009,-3.40992e-05
1742047200066,-2.94097e-05
1742050800066,-1.68831e-05
1742054400010,-1.51312e-05
1742058000056,-9.3242e-06
1742061600061,-1.41123e-05
1742065200203,-1.3853e-05
1742068800008,-2.13161e-05
1742072400010,-8.1081e-06
1742076000089,-2.01066e-05
1742079600065,-3.4478e-06
1742083200031,-2.215e-06
1742086800043,-3.1576e-06
1742090400131,-6.5804e-06
1742094000062,4.237e-07
1742097600114,-6.931e-06
1742101200047,-1.0011e-05
1742104800014,-1.26911e-05
1742108400071,-4.4257e-06
1742112000023,-4.5854e-06
1742115600041,-8.7034e-06
1742119200112,-2.55129e-05
1742122800052,-1.9825e-05
1742126400081,-2.58344e-05
1742130000044,-2.75325e-05
1742133600021,-2.14026e-05
1742137200033,-3.08543e-05
1742140800082,-8.4273e-06
1742144400075,-5.6762e-06
1742148000090,-2.1062e-05
1742151600063,-2.81965e-05
1742155200067,-5.04451e-05
1742158800048,-5.51675e-05
1742162400043,-9.0995e-05
1742166000049,-6.56972e-05
1742169600141,-1.36612e-05
1742173200107,1.3637e-06
1742176800079,-2.9163e-06
1742180400067,1.7947e-06
1742184000019,6.306e-06
1742187600046,7.0642e-06
1742191200049,3.4563e-06
1742194800088,4.5305e-06
1742198400003,6.3182e-06
1742202000061,5.8785e-06
1742205600016,-1.6463e-06
1742209200050,-7.2641e-06
1742212800002,-1.8094e-06
1742216400045,-1.81471e-05
1742220000073,-2.21251e-05
1742223600007,-1.72288e-05
1742227200057,-1.12079e-05
1742230800066,-1.55834e-05
1742234400059,-8.2929e-06
1742238000018,-3.6755e-06
1742241600000,-1.42483e-05
1742245200068,-3.29956e-05
1742248800030,-3.0279e-05
1742252400011,-1.27314e-05
1742256000030,-3.78348e-05
1742259600042,-3.32468e-05
1742263200061,-2.53736e-05
1742266800010,1.8897e-06
1742270400022,4.2068e-06
1742274000014,6.034e-07
1742277600073,8.359e-07
1742281200080,-1.09803e-05
1742284800057,1.25e-05
1742288400002,1.25e-05
1742292000005,1.25e-05
1742295600081,1.25e-05
1742299200006,1.25e-05
1742302800034,1.25e-05
1742306400054,1.25e-05
1742310000076,1.25e-05
1742313600057,1.25e-05
1742317200087,1.25e-05
1742320800027,1.25e-05
1742324400087,1.25e-05
1742328000019,1.25e-05
1742331600052,1.25e-05
1742335200019,1.25e-05
1742338800000,1.25e-05
1742342400023,1.25e-05
1742346000005,1.25e-05
1742349600057,1.25e-05
1742353200061,1.25e-05
1742356800041,1.25e-05
1742360400057,1.25e-05
1742364000026,1.25e-05
1742367600103,1.25e-05
1742371200024,1.25e-05
1742374800074,1.25e-05
1742378400139,1.25e-05
1742382000032,1.25e-05
1742385600037,1.25e-05
1742389200042,1.25e-05
1742392800005,1.25e-05
1742396400035,1.25e-05
1742400000039,1.25e-05
1742403600029,1.25e-05
1742407200160,1.25e-05
1742410800012,1.25e-05
1742414400079,1.25e-05
1742418000126,1.25e-05
1742421600063,1.25e-05
1742425200061,1.25e-05
1742428800049,1.25e-05
1742432400020,1.25e-05
1742436000028,5.8369e-06
1742439600050,7.9514e-06
1742443200085,1.5115e-06
1742446800048,1.647e-06
1742450400021,1.25e-05
1742454000019,1.25e-05
1742457600003,1.25e-05
1742461200000,1.25e-05
1742464800077,1.25e-05
1742468400115,4.556e-06
1742472000025,8.7086e-06
1742475600088,7.57e-08
1742479200025,-7.2525e-06
1742482800088,4.4093e-06
1742486400047,-2.2705e-06
1742490000049,6.2185e-06
1742493600101,1.25e-05
1742497200019,1.25e-05
1742500800042,1.25e-05
1742504400071,1.25e-05
1742508000094,1.25e-05
1742511600046,1.12635e-05
1742515200035,9.1988e-06
1742518800043,8.2478e-06
1742522400002,5.2722e-06
1742526000069,5.9325e-06
1742529600057,4.9897e-06
1742533200018,9.5465e-06
1742536800061,1.25e-05
1742540400064,1.25e-05
1742544000025,7.7011e-06
1742547600042,4.546e-06
1742551200060,1.08251e-05
1742554800041,2.8992e-06
1742558400052,-1.5525e-06
1742562000053,-2.6981e-06
1742565600010,-1.75663e-05
1742569200039,-8.5792e-06
1742572800047,4.91e-08
1742576400044,6.321e-06
1742580000060,1.25e-05
1742583600007,1.25e-05
1742587200057,1.25e-05
1742590800070,1.25e-05
1742594400074,1.22401e-05
1742598000010,1.25e-05
1742601600038,3.3981e-06
1742605200046,1.25e-05
1742608800055,1.25e-05
1742612400032,1.25e-05
1742616000009,1.25e-05
1742619600032,1.25e-05
1742623200102,1.25e-05
1742626800047,1.25e-05
1742630400042,1.25e-05
1742634000106,1.25e-05
1742637600058,1.25e-05
1742641200115,1.25e-05
1742644800035,1.25e-05
1742648400082,1.25e-05
1742652000032,7.6541e-06
1742655600064,7.0039e-06
1742659200036,1.25e-05
1742662800054,1.25e-05
1742666400119,1.25e-05
1742670000063,1.25e-05
1742673600026,1.25e-05
1742677200027,1.25e-05
1742680800028,4.6242e-06
1742684400000,2.7181e-06
1742688000020,3.0885e-06
1742691600050,6.0848e-06
1742695200008,4.7029e-06
1742698800011,7.1265e-06
1742702400029,9.9516e-06
1742706000049,-9.873e-06
1742709600102,-1.3481e-05
1742713200057,-8.8962e-06
1742716800065,-1.36177e-05
1742720400040,-8.83e-08
1742724000077,-2.3211e-06
1742727600033,-8.12e-08
1742731200010,3.5389e-06
1742734800077,1.233e-06
1742738400023,-1.1373e-06
1742742000067,-1.3855e-06
1742745600051,3.8961e-06
1742749200043,1.5696e-06
1742752800031,-1.01414e-05
1742756400027,-1.20833e-05
1742760000112,-1.10784e-05
1742763600029,-1.40032e-05
1742767200028,-1.35251e-05
1742770800053,-9.9227e-06
1742774400090,-5.3933e-06
1742778000018,-1.55863e-05
1742781600009,-1.55617e-05
1742785200043,-1.19483e-05
1742788800138,8.7852e-06
1742792400036,4.9428e-06
1742796000058,4.513e-06
1742799600029,-1.2521e-06
1742803200023,-3.2184e-06
1742806800026,2.7592e-06
1742810400015,1.1297e-05
1742814000166,1.25e-05
1742817600041,1.25e-05
1742821200043,1.25e-05
1742824800065,1.25e-05
1742828400003,1.25e-05
1742832000030,1.25e-05
1742835600029,1.25e-05
1742839200037,1.25e-05
1742842800007,3.1581e-06
1742846400047,2.8263e-06
1742850000085,-9.4791e-06
1742853600030,2.6795e-06
1742857200063,8.5087e-06
1742860800026,5.0673e-06
1742864400028,1.12194e-05
1742868000021,5.3292e-06
1742871600024,-3.6444e-06
1742875200019,-3.9265e-06
1742878800049,8.6381e-06
1742882400070,9.9237e-06
1742886000040,6.8113e-06
1742889600081,8.186e-06
1742893200007,1.09475e-05
1742896800049,8.6753e-06
1742900400008,1.0359e-05
1742904000023,1.25e-05
1742907600065,2.212e-06
1742911200079,9.2904e-06
1742914800007,-4.3136e-06
1742918400047,-1.47744e-05
1742922000015,-2.08937e-05
1742925600047,-2.58128e-05
1742929200045,-3.20698e-05
1742932800009,-3.15549e-05
1742936400043,-2.81621e-05
1742940000045,-4.0529e-05
1742943600208,-3.54416e-05
1742947200001,-1.45392e-05
1742950800003,-8.3285e-06
1742954400077,-9.2851e-06
1742958000008,-6.0946e-06
1742961600064,-1.04688e-05
1742965200014,-2.5041e-06
1742968800065,-3.1765e-06
1742972400003,-1.6384e-06
1742976000022,3.3396e-06
1742979600005,2.056e-07
1742983200058,1.6697e-06
1742986800012,2.7581e-06
1742990400001,-3.4292e-06
1742994000063,-1.136e-06
1742997600069,-3.8651e-06
1743001200047,-4.7309e-06
1743004800008,3.4078e-06
1743008400024,6.3695e-06
1743012000109,7.7747e-06
1743015600004,8.1174e-06
1743019200019,1.20427e-05
1743022800046,1.25e-05
1743026400035,1.25e-05
1743030000035,1.13897e-05
1743033600005,1.12023e-05
1743037200006,1.25e-05
1743040800036,6.0473e-06
1743044400030,8.9542e-06
1743048000011,8.0635e-06
1743051600053,8.9708e-06
1743055200074,7.7831e-06
1743058800007,1.25e-05
1743062400083,5.4841e-06
1743066000057,6.0783e-06
1743069600043,7.0009e-06
1743073200012,5.939e-06
1743076800047,2.5958e-06
1743080400054,1.7981e-06
1743084000010,1.2494e-06
1743087600015,4.575e-07
1743091200049,4.3807e-06
1743094800022,4.4722e-06
1743098400068,-2.8968e-06
1743102000133,-4.5056e-06
1743105600066,-5.6052e-06
1743109200001,-5.5127e-06
1743112800037,-1.03873e-05
1743116400024,-7.6596e-06
1743120000014,-9.4466e-06
1743123600070,-4.1066e-06
1743127200013,-1.2254e-06
1743130800000,4.057e-07
1743134400065,5.499e-07
1743138000056,2.849e-07
1743141600041,5.2264e-06
1743145200054,1.06343e-05
1743148800039,1.06424e-05
1743152400073,1.25e-05
1743156000056,1.19819e-05
1743159600023,1.25e-05
1743163200105,-2.2132e-06
1743166800006,1.0462e-06
1743170400073,-1.5e-08
1743174000063,5.9378e-06
1743177600011,1.25e-05
1743181200012,1.25e-05
1743184800030,1.25e-05
1743188400060,1.25e-05
1743192000021,1.25e-05
1743195600026,1.25e-05
1743199200063,1.25e-05
1743202800049,1.25e-05
1743206400086,1.19945e-05
1743210000069,9.3764e-06
1743213600003,6.8775e-06
1743217200037,4.086e-06
1743220800066,9.6257e-06
1743224400042,4.3432e-06
1743228000061,6.3123e-06
1743231600111,2.9178e-06
1743235200045,1.9414e-06
1743238800062,3.8562e-06
1743242400009,1.9139e-06
1743246000052,-3.2102e-06
1743249600027,-8.3955e-06
1743253200055,-5.1995e-06
1743256800037,-7.259e-07
1743260400120,-2.162e-06
1743264000174,-3.6615e-06
1743267600050,2.5916e-06
1743271200045,5.0771e-06
1743274800093,8.9583e-06
1743278400034,7.9703e-06
1743282000049,8.747e-06
1743285600097,7.4868e-06
1743289200048,3.6194e-06
1743292800022,6.6758e-06
1743296400028,7.891e-06
1743300000030,1.17361e-05
1743303600025,7.5844e-06
1743307200056,4.4572e-06
1743310800085,8.0765e-06
1743314400061,3.653e-06
1743318000061,3.3633e-06
1743321600093,-3.209e-06
1743325200107,-5.329e-07
1743328800004,3.9842e-06
1743332400000,1.25e-05
1743336000029,1.23018e-05
1743339600021,8.7165e-06
1743343200064,8.1469e-06
1743346800027,1.1943e-05
1743350400030,8.3851e-06
1743354000057,3.1982e-06
1743357600045,4.4767e-06
1743361200039,1.25e-05
1743364800006,1.25e-05
1743368400000,1.25e-05
1743372000011,1.25e-05
1743375600098,2.3577e-06
1743379200059,3.0351e-06
1743382800016,-3.8947e-06
1743386400051,5.2865e-06
1743390000041,9.7524e-06
1743393600097,3.3727e-06
1743397200013,4.142e-06
1743400800087,9.3571e-06
1743404400060,1.09781e-05
1743408000041,1.25e-05
1743411600032,1.25e-05
1743415200007,1.23647e-05
1743418800005,8.9501e-06
1743422400189,1.7451e-06
1743426000052,-1.7695e-06
1743429600007,-8.2853e-06
1743433200002,-1.6903e-06
1743436800035,-1.52e-08
1743440400069,7.1568e-06
1743444000044,3.1104e-06
1743447600051,7.7858e-06
1743451200009,1.25e-05
1743454800053,1.23276e-05
1743458400055,1.18193e-05
1743462000005,7.2746e-06
1743465600014,1.25e-05
1743469200112,1.25e-05
1743472800017,1.25e-05
1743476400093,1.25e-05
1743480000077,1.25e-05
1743483600036,1.25e-05
1743487200027,1.25e-05
1743490800078,1.25e-05
1743494400075,1.25e-05
1743498000074,1.25e-05
1743501600002,1.25e-05
1743505200022,8.5133e-06
1743508800006,1.25e-05
1743512400030,1.25e-05
1743516000018,1.25e-05
1743519600000,1.25e-05
1743523200033,3.9157e-06
1743526800035,-3.1258e-06
1743530400050,-1.91261e-05
1743534000020,-2.12615e-05
1743537600049,-2.94876e-05
1743541200021,-2.36804e-05
1743544800020,-1.55354e-05
1743548400024,1.739e-07
1743552000043,-1.8352e-06
1743555600010,-1.456e-06
1743559200060,-5.3244e-06
1743562800015,-3.7643e-06
1743566400092,-8.139e-07
1743570000180,-3.9274e-06
1743573600024,-6.2153e-06
1743577200010,-9.4268e-06
1743580800023,3.1322e-06
1743584400007,1.0407e-06
1743588000019,1.06507e-05
1743591600046,8.7632e-06
1743595200020,1.25e-05
1743598800114,1.25e-05
1743602400059,1.25e-05
1743606000052,1.02441e-05
1743609600075,6.2859e-06
1743613200022,-4.6045e-06
1743616800007,-8.8159e-06
1743620400085,-6.38e-06
1743624000002,-1.38545e-05
1743627600075,4.5513e-06
1743631200051,-1.17816e-05
1743634800039,-1.30704e-05
1743638400071,3.8226e-06
1743642000140,6.9849e-06
1743645600014,5.5599e-06
1743649200096,8.1258e-06
1743652800005,1.25e-05
1743656400001,1.25e-05
1743660000090,5.4346e-06
1743663600032,3.642e-07
1743667200096,7.1465e-06
1743670800141,6.6442e-06
1743674400086,-7.061e-07
1743678000041,-9.5363e-06
1743681600002,-6.2858e-06
1743685200039,-6.3804e-06
1743688800053,-7.2416e-06
1743692400029,-8.6233e-06
1743696000085,7.7222e-06
1743699600033,1.14405e-05
1743703200035,1.25e-05
1743706800038,1.25e-05
1743710400004,1.25e-05
1743714000040,1.09524e-05
1743717600025,1.23437e-05
1743721200014,1.25e-05
1743724800034,1.25e-05
1743728400026,1.25e-05
1743732000012,1.25e-05
1743735600059,1.10627e-05
1743739200057,6.0427e-06
1743742800078,-3.7151e-06
1743746400019,2.1951e-06
1743750000004,6.494e-07
1743753600009,1.25e-05
1743757200023,9.1356e-06
1743760800039,1.25e-05
1743764400041,1.25e-05
1743768000047,1.25e-05
1743771600056,1.25e-05
1743775200029,1.25e-05
1743778800049,1.25e-05
1743782400021,1.25e-05
1743786000065,1.25e-05
1743789600005,1.25e-05
1743793200018,1.25e-05
1743796800095,1.25e-05
1743800400056,1.25e-05
1743804000039,1.25e-05
1743807600004,1.25e-05
1743811200101,1.25e-05
1743814800024,1.25e-05
1743818400049,1.25e-05
1743822000038,1.25e-05
1743825600099,1.25e-05
1743829200025,1.25e-05
1743832800055,1.25e-05
1743836400005,1.25e-05
1743840000029,1.25e-05
1743843600042,1.25e-05
1743847200041,1.25e-05
1743850800035,1.25e-05
1743854400113,1.25e-05
1743858000029,1.25e-05
1743861600185,1.25e-05
1743865200024,1.25e-05
1743868800033,1.25e-05
1743872400023,1.21649e-05
1743876000028,1.25e-05
1743879600081,1.25e-05
1743883200038,1.25e-05
1743886800026,1.25e-05
1743890400037,1.25e-05
1743894000019,1.25e-05
1743897600051,1.25e-05
1743901200041,1.25e-05
1743904800027,1.25e-05
1743908400017,1.25e-05
1743912000002,1.25e-05
1743915600017,1.25e-05
1743919200017,1.25e-05
1743922800065,1.25e-05
1743926400042,1.25e-05
1743930000015,1.04237e-05
1743933600009,7.0432e-06
1743937200006,1.2393e-06
1743940800061,-1.6754e-06
1743944400031,-5.4823e-06
1743948000100,-6.8435e-06
1743951600063,4.6364e-06
1743955200028,1.25e-05
1743958800008,1.25e-05
1743962400030,1.8468e-06
1743966000154,-1.82821e-05
1743969600025,-2.999e-07
1743973200029,1.00346e-05
1743976800027,1.08632e-05
1743980400005,1.25e-05
1743984000007,1.19242e-05
1743987600091,1.10718e-05
1743991200063,1.25e-05
1743994800004,1.25e-05
1743998400081,1.25e-05
1744002000069,1.0405e-05
1744005600045,3.141e-07
1744009200040,-9.787e-06
1744012800118,1.901e-06
1744016400113,1.25e-05
1744020000042,1.25e-05
1744023600022,1.25e-05
1744027200076,1.25e-05
1744030800022,1.25e-05
1744034400009,1.25e-05
1744038000020,1.25e-05
1744041600107,1.25e-05
1744045200026,1.25e-05
1744048800094,1.25e-05
1744052400019,1.25e-05
1744056000019,1.25e-05
1744059600021,1.25e-05
1744063200021,1.25e-05
1744066800039,1.25e-05
1744070400066,1.25e-05
1744074000042,1.25e-05
1744077600073,1.25e-05
1744081200068,1.25e-05
1744084800096,1.25e-05
1744088400090,1.25e-05
1744092000017,1.25e-05
1744095600050,1.25e-05
1744099200004,1.25e-05
1744102800032,1.25e-05
1744106400015,1.25e-05
1744110000071,1.25e-05
1744113600033,1.25e-05
1744117200007,1.25e-05
1744120800076,1.25e-05
1744124400019,1.25e-05
1744128000005,1.25e-05
1744131600050,1.25e-05
1744135200011,1.25e-05
1744138800108,1.25e-05
1744142400026,1.25e-05
1744146000049,1.25e-05
1744149600014,1.25e-05
1744153200029,1.25e-05
1744156800087,3.5881e-06
1744160400087,8.6132e-06
1744164000056,4.411e-07
1744167600008,3.831e-07
1744171200023,-1.6692e-06
1744174800076,1.25e-05
1744178400068,1.25e-05
1744182000006,1.25e-05
1744185600074,1.25e-05
1744189200060,1.25e-05
1744192800088,1.25e-05
1744196400036,1.25e-05
1744200000055,1.25e-05
1744203600059,1.25e-05
1744207200032,1.25e-05
1744210800065,1.25e-05
1744214400084,1.25e-05
1744218000011,1.25e-05
1744221600060,0.000152408
1744225200059,1.25e-05
1744228800038,1.25e-05
1744232400017,1.25e-05
1744236000054,1.25e-05
1744239600012,1.25e-05
1744243200001,1.25e-05
1744246800036,1.25e-05
1744250400025,1.25e-05
1744254000071,1.25e-05
1744257600093,1.25e-05
1744261200028,1.25e-05
1744264800046,1.25e-05
1744268400030,1.25e-05
1744272000025,1.25e-05
1744275600068,1.25e-05
1744279200076,1.25e-05
1744282800045,1.25e-05
1744286400084,1.25e-05
1744290000015,1.25e-05
1744293600121,1.25e-05
1744297200031,1.25e-05
1744300800051,1.25e-05
1744304400069,1.25e-05
1744308000109,1.25e-05
1744311600018,1.25e-05
1744315200048,1.25e-05
1744318800059,1.25e-05
1744322400042,1.25e-05
1744326000003,1.25e-05
1744329600102,1.25e-05
1744333200098,1.25e-05
1744336800096,1.25e-05
1744340400013,1.25e-05
1744344000008,1.25e-05
1744347600044,1.25e-05
1744351200062,1.25e-05
1744354800005,1.25e-05
1744358400039,1.25e-05
1744362000103,1.25e-05
1744365600069,1.25e-05
1744369200083,1.25e-05
1744372800117,1.25e-05
1744376400018,1.25e-05
1744380000074,1.25e-05
1744383600047,1.25e-05
1744387200054,1.25e-05
1744390800068,1.25e-05
1744394400020,1.25e-05
1744398000006,1.25e-05
1744401600006,1.25e-05
1744405200082,1.25e-05
1744408800113,1.25e-05
1744412400032,1.25e-05
1744416000042,1.25e-05
1744419600010,1.25e-05
1744423200017,1.25e-05
1744426800069,1.25e-05
1744430400040,1.25e-05
1744434000014,1.25e-05
1744437600077,1.25e-05
1744441200041,1.25e-05
1744444800015,1.25e-05
1744448400128,1.25e-05
1744452000079,1.25e-05
1744455600059,1.25e-05
1744459200012,1.25e-05
1744462800009,1.25e-05
1744466400006,1.25e-05
1744470000015,1.25e-05
1744473600062,1.25e-05
1744477200027,1.25e-05
1744480800095,1.25e-05
1744484400020,1.25e-05
1744488000084,1.25e-05
1744491600082,2.05732e-05
1744495200026,1.66385e-05
1744498800121,1.25e-05
1744502400037,1.46261e-05
1744506000063,1.25e-05
1744509600002,1.25e-05
1744513200021,1.25e-05
1744516800044,1.25e-05
1744520400082,1.25e-05
1744524000078,1.25e-05
1744527600033,1.25e-05
1744531200072,1.25e-05
1744534800112,1.25e-05
1744538400012,1.25e-05
1744542000021,1.25e-05
1744545600054,1.25e-05
1744549200002,1.25e-05
1744552800004,1.25e-05
1744556400100,1.25e-05
1744560000087,1.25e-05
1744563600045,1.25e-05
1744567200006,1.25e-05
1744570800105,1.25e-05
1744574400028,1.25e-05
1744578000034,1.25e-05
1744581600058,1.25e-05
1744585200011,5.6725e-06
1744588800023,6.8168e-06
1744592400033,1.25e-05
1744596000040,1.25e-05
1744599600010,4.7676e-06
1744603200007,8.7333e-06
1744606800018,1.25e-05
1744610400035,1.25e-05
1744614000084,1.25e-05
1744617600043,1.25e-05
1744621200063,1.25e-05
1744624800040,1.25e-05
1744628400042,1.25e-05
1744632000019,1.25e-05
1744635600074,1.25e-05
1744639200054,4.6385e-06
1744642800147,4.7502e-06
1744646400055,9.782e-06
1744650000087,1.25e-05
1744653600043,9.7196e-06
1744657200063,4.0173e-06
1744660800018,-1.7943e-06
1744664400041,-1.64584e-05
1744668000020,-6.8022e-06
1744671600028,-9.3047e-06
1744675200048,-6.361e-06
1744678800005,-3.6261e-06
1744682400049,2.5982e-06
1744686000005,6.1288e-06
1744689600029,4.125e-07
1744693200104,-3.322e-07
1744696800073,4.1544e-06
1744700400103,2.393e-06
1744704000030,1.25e-05
1744707600079,1.25e-05
1744711200084,8.7074e-06
1744714800074,6.901e-07
1744718400047,1.6743e-06
1744722000054,-2.9928e-06
1744725600036,2.5319e-06
1744729200096,6e-08
1744732800003,-1.1122e-06
1744736400107,-2.0701e-06
1744740000042,-4.6144e-06
1744743600007,-7.8955e-06
1744747200015,6.9828e-06
1744750800001,1.25e-05
1744754400020,1.25e-05
1744758000080,1.25e-05
1744761600008,1.25e-05
1744765200034,8.4029e-06
1744768800050,1.25e-05
1744772400058,1.25e-05
1744776000066,1.25e-05
1744779600127,1.25e-05
1744783200006,1.25e-05
1744786800021,1.25e-05
1744790400069,1.25e-05
1744794000021,1.25e-05
1744797600072,1.25e-05
1744801200063,1.25e-05
1744804800030,1.25e-05
1744808400015,1.25e-05
1744812000024,8.5031e-06
1744815600067,1.25e-05
1744819200035,1.00617e-05
1744822800017,5.303e-06
1744826400038,4.0728e-06
1744830000000,-4.4616e-06
1744833600061,-1.58001e-05
1744837200033,-8.585e-07
1744840800075,-1.07874e-05
1744844400053,1.2203e-06
1744848000078,-1.50946e-05
1744851600060,-1.68112e-05
1744855200002,-1.19686e-05
1744858800088,-2.30296e-05
1744862400016,-1.55327e-05
1744866000081,-8.502e-07
1744869600010,6.8391e-06
1744873200086,8.6235e-06
1744876800060,2.7722e-06
1744880400021,-4.624e-07
1744884000093,1.8643e-06
1744887600027,1.1621e-06
1744891200100,7.1861e-06
1744894800129,5.873e-06
1744898400054,1.7074e-06
1744902000020,5.7236e-06
1744905600067,1.25e-05
1744909200023,1.25e-05
1744912800024,1.25e-05
1744916400002,1.21936e-05
1744920000019,-1.6e-06
1744923600092,-2.3789e-06
1744927200047,-1.0789e-06
1744930800046,-3.8425e-06
1744934400099,-6.9323e-06
1744938000098,-1.26158e-05
1744941600044,-1.04109e-05
1744945200082,6.208e-07
1744948800096,-7.617e-07
1744952400044,1.9531e-06
1744956000032,8.2103e-06
1744959600000,4.7086e-06
1744963200038,1.7728e-06
1744966800002,6.1265e-06
1744970400073,8.3661e-06
1744974000002,1.25e-05
1744977600038,-8.9835e-06
1744981200037,-9.2617e-06
1744984800092,-8.2854e-06
1744988400004,-1.48083e-05
1744992000098,-1.78251e-05
1744995600065,-1.26225e-05
1744999200021,-6.8509e-06
1745002800121,-8.9956e-06
1745006400063,-1.29374e-05
1745010000074,-2.43802e-05
1745013600034,-2.55122e-05
1745017200054,-1.87572e-05
1745020800019,-1.98819e-05
1745024400054,-1.7104e-05
1745028000027,-9.7526e-06
1745031600018,6.6517e-06
1745035200054,1.25e-05
1745038800029,1.25e-05
1745042400046,1.25e-05
1745046000062,1.25e-05
1745049600041,1.25e-05
1745053200071,1.25e-05
1745056800047,1.25e-05
1745060400025,1.25e-05
1745064000006,1.25e-05
1745067600054,1.25e-05
1745071200033,1.25e-05
1745074800073,1.25e-05
1745078400054,1.25e-05
1745082000047,1.25e-05
1745085600048,1.25e-05
1745089200055,1.25e-05
1745092800032,1.25e-05
1745096400044,1.25e-05
1745100000139,1.25e-05
1745103600074,1.25e-05
1745107200017,1.25e-05
1745110800067,1.25e-05
1745114400081,1.25e-05
1745118000074,1.25e-05
1745121600079,1.25e-05
1745125200061,1.25e-05
1745128800040,1.25e-05
1745132400033,5.6922e-06
1745136000064,-1.42043e-05
1745139600116,-4.15456e-05
1745143200089,-6.41778e-05
1745146800036,-4.54864e-05
1745150400055,-2.3691e-05
1745154000082,-1.29769e-05
1745157600020,-5.8509e-06
1745161200033,5.1124e-06
1745164800061,1.00387e-05
1745168400028,8.2794e-06
1745172000096,-3.9398e-06
1745175600048,-2.5481e-06
1745179200092,-2.5264e-06
1745182800039,1.25e-05
1745186400102,1.25e-05
1745190000033,1.25e-05
1745193600007,1.25e-05
1745197200025,1.25e-05
1745200800034,6.59e-07
1745204400015,2.8717e-06
1745208000033,-2.5257e-06
1745211600030,-2.2685e-06
1745215200082,-9.732e-07
1745218800094,-1.43025e-05
1745222400024,-5.9895e-06
1745226000010,4.9332e-06
1745229600134,-1.6002e-06
1745233200053,-6.6296e-06
1745236800028,5.3692e-06
1745240400001,1.25e-05
1745244000018,1.25e-05
1745247600021,-7.4004e-06
1745251200097,-2.94812e-05
1745254800109,-3.15861e-05
1745258400042,-6.0665e-06
1745262000071,1.05846e-05
1745265600044,1.25e-05
1745269200050,1.25e-05
1745272800046,1.25e-05
1745276400018,1.25e-05
1745280000047,1.25e-05
1745283600028,1.25e-05
1745287200049,1.25e-05
1745290800010,1.25e-05
1745294400018,1.25e-05
1745298000086,1.25e-05
1745301600049,1.21681e-05
1745305200112,1.25e-05
1745308800012,1.25e-05
1745312400090,1.25e-05
1745316000002,1.25e-05
1745319600036,8.0717e-06
1745323200045,1.5948e-06
1745326800019,9.2091e-06
1745330400016,1.25e-05
1745334000020,1.1983e-06
1745337600048,1.25e-05
1745341200047,7.4661e-06
1745344800027,7.769e-07
1745348400005,-2.6047e-06
1745352000061,-9.7404e-06
1745355600030,-1.08967e-05
1745359200001,3.124e-07
1745362800073,4.5553e-06
1745366400005,1.25e-05
1745370000002,1.25e-05
1745373600048,1.25e-05
1745377200049,1.25e-05
1745380800055,1.25e-05
1745384400064,1.25e-05
1745388000027,1.25e-05
1745391600086,1.25e-05
1745395200028,1.25e-05
1745398800002,1.25e-05
1745402400110,1.25e-05
1745406000005,1.25e-05
1745409600061,1.25e-05
1745413200110,1.25e-05
1745416800048,1.25e-05
1745420400032,1.25e-05
1745424000023,1.25e-05
1745427600027,1.25e-05
1745431200039,1.25e-05
1745434800005,1.13314e-05
1745438400052,-8.6573e-06
1745442000018,-4.0321e-06
1745445600156,-1.7579e-06
1745449200075,-1.33191e-05
1745452800049,-7.1135e-06
1745456400008,-6.9623e-06
1745460000021,-7.5451e-06
1745463600069,-1.29214e-05
1745467200052,-1.72393e-05
1745470800087,-2.36679e-05
1745474400000,-1.33787e-05
1745478000044,-1.41624e-05
1745481600047,-1.21304e-05
1745485200073,-9.5756e-06
1745488800020,6.4616e-06
1745492400009,4.1334e-06
1745496000015,1.12474e-05
1745499600026,1.25e-05
1745503200048,1.25e-05
1745506800010,1.25e-05
1745510400062,1.25e-05
1745514000010,1.25e-05
1745517600099,1.25e-05
1745521200015,1.25e-05
1745524800114,1.25e-05
1745528400051,1.25e-05
1745532000018,1.25e-05
1745535600077,1.25e-05
1745539200067,1.25e-05
1745542800096,1.25e-05
1745546400044,1.25e-05
1745550000111,1.25e-05
1745553600019,1.25e-05
1745557200110,1.25e-05
1745560800659,1.25e-05
1745564400073,1.25e-05
1745568000036,1.25e-05
1745571600025,1.25e-05
1745575200069,1.25e-05
1745578800035,1.25e-05
1745582400032,1.25e-05
1745586000002,1.25e-05
1745589600022,1.25e-05
1745593200004,1.11706e-05
1745596800085,-7.2837e-06
1745600400046,-8.9527e-06
1745604000037,-1.30071e-05
1745607600050,-2.89381e-05
1745611200058,-3.84595e-05
1745614800047,-2.80323e-05
1745618400056,-3.0464e-05
1745622000047,-2.24516e-05
1745625600070,-2.80249e-05
1745629200004,-7.3052e-06
1745632800037,2.05e-08
1745636400050,-2.17463e-05
1745640000079,-3.14601e-05
1745643600089,-2.63846e-05
1745647200080,-1.35945e-05
1745650800011,-1.12655e-05
1745654400041,-6.3844e-06
1745658000020,-2.25626e-05
1745661600013,-2.75233e-05
1745665200099,-2.73742e-05
1745668800040,-3.11686e-05
1745672400062,-2.2761e-05
1745676000055,-1.46727e-05
1745679600016,-1.08678e-05
1745683200047,-5.5088e-06
1745686800054,-7.7723e-06
1745690400019,-1.06541e-05
1745694000030,-2.3849e-06
1745697600038,-1.5439e-06
1745701200024,-2.1332e-06
1745704800026,-3.4194e-06
1745708400003,-5.7887e-06
1745712000033,-1.08459e-05
1745715600081,3.587e-07
1745719200017,-3.3295e-06
1745722800074,-7.5825e-06
1745726400052,-4.128e-06
1745730000058,-5.1375e-06
1745733600014,-1.34964e-05
1745737200032,-7.6827e-06
1745740800015,-2.0909e-06
1745744400034,7.3667e-06
1745748000004,5.5132e-06
1745751600010,6.616e-07
1745755200060,-9.4294e-06
1745758800022,-1.67234e-05
1745762400036,-5.6643e-06
1745766000047,-2.5353e-06
1745769600060,4.6069e-06
1745773200051,2.6727e-06
1745776800040,-1.9013e-06
1745780400040,7.374e-07
1745784000025,8.3933e-06
1745787600041,3.4727e-06
1745791200032,1.25e-05
1745794800006,9.3463e-06
1745798400039,1.1435e-05
1745802000048,5.6182e-06
1745805600070,7.6349e-06
1745809200116,1.14298e-05
1745812800046,1.664e-06
1745816400026,-2.18933e-05
1745820000029,-1.34179e-05
1745823600083,-1.18667e-05
1745827200025,1.25e-05
1745830800092,1.25e-05
1745834400106,1.25e-05
1745838000067,1.06411e-05
1745841600007,1.25e-05
1745845200058,1.25e-05
1745848800031,1.25e-05
1745852400049,1.25e-05
1745856000005,1.25e-05
1745859600059,1.25e-05
1745863200027,1.25e-05
1745866800072,1.25e-05
1745870400031,1.25e-05
1745874000031,6.5895e-06
1745877600038,1.15888e-05
1745881200073,1.25e-05
1745884800114,1.25e-05
1745888400054,1.25e-05
1745892000068,1.25e-05
1745895600009,1.25e-05
1745899200094,1.25e-05
1745902800010,1.25e-05
1745906400006,1.25e-05
1745910000003,1.25e-05
1745913600045,1.25e-05
1745917200049,1.25e-05
1745920800039,1.25e-05
1745924400028,1.25e-05
1745928000063,1.25e-05
1745931600012,1.25e-05
1745935200042,1.25e-05
1745938800090,1.25e-05
1745942400044,1.25e-05
1745946000089,1.25e-05
1745949600005,1.25e-05
1745953200034,1.25e-05
1745956800019,1.25e-05
1745960400095,1.25e-05
1745964000103,1.25e-05
1745967600007,1.25e-05
1745971200064,1.25e-05
1745974800039,1.25e-05
1745978400083,1.25e-05
1745982000000,1.25e-05
1745985600093,1.25e-05
1745989200118,1.25e-05
1745992800051,1.25e-05
1745996400035,1.25e-05
1746000000027,1.25e-05
1746003600041,1.25e-05
1746007200048,1.25e-05
1746010800054,1.25e-05
1746014400106,1.25e-05
1746018000026,1.25e-05
1746021600059,1.25e-05
1746025200012,1.25e-05
1746028800033,1.25e-05
1746032400040,1.25e-05
1746036000030,1.25e-05
1746039600099,1.25e-05
1746043200087,1.25e-05
1746046800061,1.25e-05
1746050400053,1.25e-05
1746054000065,1.25e-05
1746057600104,1.25e-05
1746061200030,1.25e-05
1746064800005,1.25e-05
1746068400037,1.25e-05
1746072000010,1.25e-05
1746075600059,1.25e-05
1746079200023,1.25e-05
1746082800023,1.25e-05
1746086400013,1.25e-05
1746090000071,1.25e-05
1746093600063,1.25e-05
1746097200019,1.25e-05
1746100800140,1.25e-05
1746104400001,1.25e-05
1746108000073,1.25e-05
1746111600106,1.25e-05
1746115200012,1.25e-05
1746118800084,1.25e-05
1746122400029,1.25e-05
1746126000029,1.25e-05
1746129600034,1.25e-05
1746133200068,1.25e-05
1746136800057,1.25e-05
1746140400006,1.25e-05
1746144000001,1.25e-05
1746147600054,1.25e-05
1746151200069,1.25e-05
1746154800002,1.25e-05
1746158400034,1.25e-05
1746162000069,1.25e-05
1746165600067,1.25e-05
1746169200001,1.25e-05
1746172800116,1.25e-05
1746176400057,1.25e-05
1746180000076,1.25e-05
1746183600032,1.25e-05
1746187200024,1.25e-05
1746190800000,1.25e-05
1746194400060,1.25e-05
1746198000079,1.25e-05
1746201600032,1.25e-05
1746205200111,1.25e-05
1746208800101,1.25e-05
1746212400062,1.25e-05
1746216000030,1.25e-05
1746219600007,1.25e-05
1746223200037,1.25e-05
1746226800040,1.25e-05
1746230400096,1.25e-05
1746234000021,1.25e-05
1746237600040,1.25e-05
1746241200113,1.25e-05
1746244800069,1.25e-05
1746248400025,1.25e-05
1746252000081,1.25e-05
1746255600040,1.25e-05
1746259200119,1.25e-05
1746262800016,1.25e-05
1746266400004,1.25e-05
1746270000063,1.25e-05
1746273600080,1.25e-05
1746277200018,1.25e-05
1746280800078,1.25e-05
1746284400007,1.25e-05
1746288000092,1.25e-05
1746291600068,1.25e-05
1746295200029,1.25e-05
1746298800023,1.25e-05
1746302400024,1.25e-05
1746306000009,1.25e-05
1746309600055,1.25e-05
1746313200004,1.25e-05
1746316800111,1.25e-05
1746320400037,1.25e-05
1746324000084,1.25e-05
1746327600082,1.25e-05
1746331200051,1.25e-05
1746334800046,1.25e-05
1746338400017,1.25e-05
1746342000095,1.25e-05
1746345600000,1.25e-05
1746349200040,1.25e-05
1746352800025,1.25e-05
1746356400059,1.25e-05
1746360000067,1.25e-05
1746363600126,1.25e-05
1746367200045,1.25e-05
1746370800016,1.25e-05
1746374400097,1.25e-05
1746378000015,-9.9542e-06
1746381600062,-1.67417e-05
1746385200050,-1.85436e-05
1746388800015,-1.969e-05
1746392400071,-9.1259e-06
1746396000113,-1.05761e-05
1746399600044,5.865e-07
1746403200011,1.25e-05
1746406800121,1.25e-05
1746410400054,1.25e-05
1746414000031,1.25e-05
1746417600017,1.25e-05
1746421200009,1.25e-05
1746424800024,1.25e-05
1746428400002,1.25e-05
1746432000012,1.25e-05
1746435600113,1.25e-05
1746439200018,1.25e-05
1746442800021,1.25e-05
1746446400021,1.25e-05
1746450000050,1.25e-05
1746453600011,1.25e-05
1746457200073,1.25e-05
1746460800157,1.25e-05
1746464400021,1.25e-05
1746468000045,1.25e-05
1746471600003,1.25e-05
1746475200012,1.25e-05
1746478800073,-9.3501e-06
1746482400000,1.25e-05
1746486000053,1.24309e-05
1746489600024,7.116e-07
1746493200010,3.4841e-06
1746496800008,2.1653e-06
1746500400065,1.1426e-06
1746504000018,1.25e-05
1746507600099,1.25e-05
1746511200019,1.25e-05
1746514800035,1.25e-05
1746518400074,1.25e-05
1746522000060,1.25e-05
1746525600043,2.4982e-06
1746529200001,4.43e-06
1746532800021,-1.59784e-05
1746536400066,-1.63596e-05
1746540000017,-1.33734e-05
1746543600085,1.25e-05
1746547200046,1.25e-05
1746550800011,1.25e-05
1746554400054,1.25e-05
1746558000075,1.25e-05
1746561600001,1.25e-05
1746565200065,1.25e-05
1746568800099,1.25e-05
1746572400067,1.25e-05
1746576000066,1.25e-05
1746579600021,1.25e-05
1746583200081,9.9749e-06
1746586800096,-3.2219e-06
1746590400103,1.1216e-06
1746594000048,6.339e-06
1746597600111,1.7153e-06
1746601200042,-4.4206e-06
1746604800064,3.7381e-06
1746608400036,3.1865e-06
1746612000031,1.25e-05
1746615600004,1.25e-05
1746619200010,1.25e-05
1746622800059,1.25e-05
1746626400006,1.25e-05
1746630000023,1.25e-05
1746633600082,1.25e-05
1746637200040,1.25e-05
1746640800008,1.25e-05
1746644400080,1.25e-05
1746648000107,1.25e-05
1746651600008,1.25e-05
1746655200040,1.25e-05
1746658800029,1.25e-05
1746662400045,1.25e-05
1746666000041,1.25e-05
1746669600033,1.25e-05
1746673200061,1.25e-05
1746676800087,1.25e-05
1746680400081,1.25e-05
1746684000003,1.25e-05
1746687600033,1.25e-05
1746691200045,1.25e-05
1746694800025,1.25e-05
1746698400017,1.25e-05
1746702000014,1.25e-05
1746705600098,1.25e-05
1746709200167,1.25e-05
1746712800082,1.25e-05
1746716400050,1.25e-05
1746720000025,1.25e-05
1746723600052,4.27979e-05
1746727200057,5.40498e-05
1746730800057,4.53649e-05
1746734400006,4.01973e-05
1746738000027,5.26427e-05
1746741600047,6.35151e-05
1746745200001,5.12551e-05
1746748800076,3.64118e-05
1746752400038,2.28324e-05
1746756000034,1.56966e-05
1746759600000,2.17464e-05
1746763200012,2.01166e-05
1746766800007,2.29387e-05
1746770400048,3.48092e-05
1746774000061,3.67157e-05
1746777600036,4.78111e-05
1746781200008,4.93275e-05
1746784800044,1.70577e-05
1746788400005,1.65613e-05
1746792000046,1.25e-05
1746795600081,1.25e-05
1746799200033,1.76e-05
1746802800010,1.25e-05
1746806400039,1.25e-05
1746810000005,1.25e-05
1746813600052,1.25e-05
1746817200051,1.59723e-05
1746820800011,1.25e-05
1746824400013,1.25e-05
1746828000025,1.25e-05
1746831600078,1.25e-05
1746835200076,1.25e-05
1746838800052,1.25e-05
1746842400031,1.25e-05
1746846000023,1.25e-05
1746849600085,1.25e-05
1746853200057,1.25e-05
1746856800018,1.25e-05
1746860400045,1.25e-05
1746864000101,1.3896e-05
1746867600013,1.31634e-05
1746871200070,1.681e-05
1746874800020,1.647e-05
1746878400003,1.25e-05
1746882000062,1.25e-05
1746885600038,1.25e-05
1746889200006,1.25e-05
1746892800026,1.25e-05
1746896400031,1.25e-05
1746900000059,1.25e-05
1746903600101,1.25e-05
1746907200025,1.25e-05
1746910800028,1.30767e-05
1746914400013,1.65754e-05
1746918000024,2.08391e-05
1746921600015,3.68036e-05
1746925200000,4.67096e-05
1746928800006,3.81473e-05
1746932400098,4.56517e-05
1746936000056,4.92327e-05
1746939600056,6.11319e-05
1746943200067,6.2328e-05
1746946800026,4.57662e-05
1746950400047,3.62717e-05
1746954000031,3.57239e-05
1746957600021,7.75049e-05
1746961200023,7.61812e-05
1746964800065,6.4238e-05
1746968400089,5.77983e-05
1746972000038,4.83449e-05
1746975600037,7.07484e-05
1746979200034,7.27564e-05
1746982800012,5.75212e-05
1746986400111,4.78826e-05
1746990000015,4.45727e-05
1746993600042,3.41256e-05
1746997200079,3.75099e-05
1747000800046,5.62248e-05
1747004400007,5.72389e-05
1747008000038,4.09353e-05
1747011600003,7.11471e-05
1747015200016,5.7543e-05
1747018800023,5.253e-05
1747022400114,5.49966e-05
1747026000079,3.91012e-05
1747029600023,2.33725e-05
1747033200004,3.78904e-05
1747036800052,4.89225e-05
1747040400006,3.26449e-05
1747044000029,4.24106e-05
1747047600070,4.07845e-05
1747051200048,3.68837e-05
1747054800076,2.23165e-05
1747058400066,1.9512e-05
1747062000002,4.48805e-05
1747065600034,0.0001064706
1747069200046,9.84984e-05
1747072800014,5.9682e-05
1747076400035,5.77686e-05
1747080000008,3.68173e-05
1747083600012,4.50636e-05
1747087200044,4.32172e-05
1747090800051,3.38563e-05
1747094400088,3.1087e-05
1747098000084,2.45384e-05
1747101600038,1.25e-05
1747105200064,1.25e-05
1747108800005,1.25e-05
1747112400079,1.25e-05
1747116000098,1.25e-05
1747119600080,1.25e-05
1747123200100,1.25e-05
1747126800102,1.25e-05
1747130400055,1.25e-05
1747134000003,1.25e-05
1747137600062,1.25e-05
1747141200015,1.25e-05
1747144800068,1.57371e-05
1747148400047,1.25e-05
1747152000057,1.25e-05
1747155600006,1.25e-05
1747159200057,1.25e-05
1747162800032,1.25e-05
1747166400040,1.25e-05
1747170000029,1.25e-05
1747173600063,1.25e-05
1747177200122,1.25e-05
1747180800025,1.25e-05
1747184400034,1.25e-05
1747188000059,1.25e-05
1747191600015,1.25e-05
1747195200101,1.25e-05
1747198800139,1.25e-05
1747202400023,1.25e-05
1747206000044,1.25e-05
1747209600024,1.25e-05
1747213200049,1.25e-05
1747216800020,1.25e-05
1747220400065,1.25e-05
1747224000110,1.25e-05
1747227600002,1.25e-05
1747231200022,1.25e-05
1747234800064,1.25e-05
1747238400001,1.25e-05
1747242000003,1.25e-05
1747245600030,1.25e-05
1747249200100,1.25e-05
1747252800049,1.25e-05
1747256400032,1.25e-05
1747260000021,1.25e-05
1747263600024,1.25e-05
1747267200021,1.25e-05
1747270800100,1.25e-05
1747274400000,1.25e-05
1747278000030,1.25e-05
1747281600007,1.25e-05
1747285200046,1.25e-05
1747288800009,1.25e-05
1747292400041,1.25e-05
1747296000035,1.25e-05
1747299600016,1.25e-05
1747303200013,1.25e-05
1747306800077,1.17596e-05
1747310400008,1.25e-05
1747314000042,1.25e-05
1747317600076,1.25e-05
1747321200137,1.25e-05
1747324800033,1.25e-05
1747328400090,1.25e-05
1747332000032,1.25e-05
1747335600068,1.25e-05
1747339200106,1.25e-05
1747342800041,1.25e-05
1747346400000,1.25e-05
1747350000027,1.25e-05
1747353600075,1.25e-05
1747357200009,1.25e-05
1747360800070,1.25e-05
1747364400056,1.25e-05
1747368000079,1.25e-05
1747371600040,7.152e-06
1747375200044,9.0534e-06
1747378800028,3.2285e-06
1747382400029,8.2981e-06
1747386000102,1.25e-05
1747389600062,1.25e-05
1747393200067,7.8366e-06
1747396800023,1.19866e-05
1747400400049,1.23638e-05
1747404000055,4.5003e-06
1747407600038,7.0418e-06
1747411200033,1.25e-05
1747414800078,1.25e-05
1747418400023,1.25e-05
1747422000066,1.25e-05
1747425600031,1.25e-05
1747429200056,1.25e-05
1747432800067,1.25e-05
1747436400071,1.25e-05
1747440000044,1.25e-05
1747443600055,1.25e-05
1747447200106,1.25e-05
1747450800047,1.25e-05
1747454400012,1.25e-05
1747458000087,1.25e-05
1747461600007,1.25e-05
1747465200022,1.25e-05
1747468800008,1.25e-05
1747472400017,1.25e-05
1747476000014,1.25e-05
1747479600062,1.25e-05
1747483200195,1.25e-05
1747486800054,1.25e-05
1747490400032,1.25e-05
1747494000048,1.25e-05
1747497600016,1.25e-05
1747501200156,1.25e-05
1747504800050,1.25e-05
1747508400026,1.25e-05
1747512000018,1.25e-05
1747515600041,1.25e-05
1747519200095,1.25e-05
1747522800059,1.25e-05
1747526400066,1.25e-05
1747530000071,1.25e-05
1747533600087,1.25e-05
1747537200054,1.25e-05
1747540800096,1.25e-05
1747544400055,1.25e-05
1747548000061,1.42869e-05
1747551600024,1.52685e-05
1747555200004,1.76277e-05
1747558800092,1.25e-05
1747562400042,1.25e-05
1747566000077,1.25e-05
1747569600018,1.25e-05
1747573200069,1.25e-05
1747576800042,1.25e-05
1747580400039,1.25e-05
1747584000038,1.28625e-05
1747587600037,1.30252e-05
1747591200174,1.25e-05
1747594800054,1.25e-05
1747598400122,1.25e-05
1747602000034,1.25e-05
1747605600015,1.25e-05
1747609200036,1.25e-05
1747612800008,1.25e-05
1747616400041,1.25e-05
1747620000082,1.25e-05
1747623600062,1.25e-05
1747627200042,1.25e-05
1747630800054,1.25e-05
1747634400035,1.25e-05
1747638000113,1.25e-05
1747641600020,4.59011e-05
1747645200089,7.23813e-05
1747648800002,6.07843e-05
1747652400143,4.08201e-05
1747656000037,3.76462e-05
1747659600007,4.70669e-05
1747663200036,7.69583e-05
1747666800012,8.29157e-05
1747670400013,6.6038e-05
1747674000071,3.18809e-05
1747677600002,1.92732e-05
1747681200031,1.25e-05
1747684800059,1.25e-05
1747688400095,1.47333e-05
1747692000002,1.25e-05
1747695600045,1.99816e-05
1747699200103,1.84207e-05
1747702800037,1.66183e-05
1747706400017,1.9822e-05
1747710000052,1.41525e-05
1747713600035,1.25e-05
1747717200053,1.25e-05
1747720800030,1.25e-05
1747724400025,1.25e-05
1747728000033,1.5627e-06
1747731600034,-2.19033e-05
1747735200027,-1.2076e-06
1747738800042,8.192e-07
1747742400047,1.25e-05
1747746000109,4.7812e-06
1747749600005,1.08813e-05
1747753200019,1.25e-05
1747756800069,1.25e-05
1747760400048,1.25e-05
1747764000030,1.25e-05
1747767600065,1.25e-05
1747771200038,2.49846e-05
1747774800006,1.25e-05
1747778400064,1.25e-05
1747782000022,1.25e-05
1747785600065,1.25e-05
1747789200058,1.25e-05
1747792800037,1.25e-05
1747796400022,1.25e-05
1747800000068,1.25e-05
1747803600046,1.25e-05
1747807200048,4.76615e-05
1747810800036,2.93432e-05
1747814400027,1.25e-05
1747818000037,-5.8048e-06
1747821600027,-9.6738e-06
1747825200044,-8.3153e-06
1747828800007,5.3017e-06
1747832400061,4.8243e-06
1747836000030,3.7528e-06
1747839600053,1.25e-05
1747843200003,6.31061e-05
1747846800007,8.51413e-05
1747850400064,1.25e-05
1747854000018,1.25e-05
1747857600058,2.9419e-05
1747861200035,3.84439e-05
1747864800019,3.57251e-05
1747868400003,4.72187e-05
1747872000023,0.0001843704
1747875600020,0.0001625875
1747879200012,0.000138389
1747882800055,8.3105e-05
1747886400039,8.86491e-05
1747890000098,9.76197e-05
1747893600006,5.73896e-05
1747897200111,1.49343e-05
1747900800041,1.25e-05
1747904400041,1.25e-05
1747908000043,1.25e-05
1747911600072,1.25e-05
1747915200047,1.25e-05
1747918800064,2.90144e-05
1747922400016,1.4417e-05
1747926000004,1.25e-05
1747929600025,1.37828e-05
1747933200046,4.37019e-05
1747936800102,6.46909e-05
1747940400033,7.48892e-05
1747944000069,6.51138e-05
1747947600046,7.62685e-05
1747951200036,6.09428e-05
1747954800021,7.19149e-05
1747958400026,8.65146e-05
1747962000062,7.39253e-05
1747965600066,7.21844e-05
1747969200008,8.04954e-05
1747972800002,6.0594e-05
1747976400051,4.3343e-05
1747980000100,3.6008e-05
1747983600023,2.39864e-05
1747987200035,4.58892e-05
1747990800088,4.082e-05
1747994400119,4.11211e-05
1747998000057,4.06263e-05
1748001600048,3.68366e-05
1748005200067,4.22484e-05
1748008800040,6.36862e-05
1748012400007,4.8461e-05
1748016000070,5.39406e-05
1748019600048,6.11639e-05
1748023200053,0.0001787853
1748026800028,7.32102e-05
1748030400063,5.1644e-05
1748034000004,4.52498e-05
1748037600091,4.61491e-05
1748041200174,4.70155e-05
1748044800003,1.25e-05
1748048400023,1.25e-05
1748052000070,1.25e-05
1748055600023,1.25e-05
1748059200069,3.55159e-05
1748062800006,1.6166e-05
1748066400107,1.25e-05
1748070000090,1.25e-05
1748073600037,1.25e-05
1748077200014,1.25e-05
1748080800106,2.03884e-05
1748084400016,2.18751e-05
1748088000045,1.25e-05
1748091600025,1.25e-05
1748095200037,1.25e-05
1748098800067,1.25e-05
1748102400014,1.86436e-05
1748106000057,1.25e-05
1748109600013,1.30106e-05
1748113200008,1.25e-05
1748116800045,1.25e-05
1748120400067,1.25e-05
1748124000041,1.25e-05
1748127600017,1.25e-05
1748131200079,-6.33842e-05
1748134800053,-9.0843e-06
1748138400132,2.1845e-06
1748142000038,4.1475e-06
1748145600039,5.9262e-06
1748149200038,1.25e-05
1748152800032,1.25e-05
1748156400011,1.25e-05
1748160000004,-1.21033e-05
1748163600034,-2.56905e-05
1748167200089,-3.33674e-05
1748170800038,-1.16669e-05
1748174400062,-4.43762e-05
1748178000041,-3.28828e-05
1748181600044,8.4703e-06
1748185200050,-1.79182e-05
1748188800017,-1.55939e-05
1748192400017,3.5097e-06
1748196000003,5.9999e-06
1748199600026,1.2113e-05
1748203200121,1.25e-05
1748206800009,-1.5301e-06
1748210400008,-6.7729e-06
1748214000018,1.25e-05
1748217600069,1.25e-05
1748221200034,1.25e-05
1748224800026,1.25e-05
1748228400038,1.25e-05
1748232000113,1.25e-05
1748235600062,1.25e-05
1748239200004,1.25e-05
1748242800020,1.25e-05
1748246400022,1.25e-05
1748250000048,1.25e-05
1748253600013,1.25e-05
1748257200079,1.25e-05
1748260800052,1.25e-05
1748264400046,1.25e-05
1748268000002,1.25e-05
1748271600048,1.25e-05
1748275200057,1.94733e-05
1748278800036,1.25e-05
1748282400034,1.25e-05
1748286000184,1.25e-05
1748289600078,1.25e-05
1748293200039,1.25e-05
1748296800028,1.25e-05
1748300400077,1.25e-05
1748304000087,1.25e-05
1748307600084,1.25e-05
1748311200001,1.25e-05
1748314800011,1.25e-05
1748318400006,1.25e-05
1748322000054,1.25e-05
1748325600125,1.25e-05
1748329200059,1.25e-05
1748332800121,1.25e-05
1748336400022,1.25e-05
1748340000074,1.25e-05
1748343600024,1.41344e-05
1748347200023,1.25e-05
1748350800055,1.25e-05
1748354400020,4.9432e-05
1748358000020,1.25e-05
1748361600051,1.25e-05
1748365200041,1.6031e-05
1748368800046,1.81663e-05
1748372400086,1.5304e-05
1748376000018,2.26063e-05
1748379600043,1.25e-05
1748383200011,1.25e-05
1748386800039,1.25e-05
1748390400112,1.25e-05
1748394000014,1.25e-05
1748397600045,1.25e-05
1748401200058,1.25e-05
1748404800006,1.25e-05
1748408400074,1.36722e-05
1748412000049,1.25e-05
1748415600050,1.25e-05
1748419200014,1.25e-05
1748422800091,1.25e-05
1748426400183,1.25e-05
1748430000075,1.25e-05
1748433600089,1.25e-05
1748437200090,1.25e-05
1748440800005,1.25e-05
1748444400044,1.25e-05
1748448000020,1.25e-05
1748451600033,1.25e-05
1748455200055,1.25e-05
1748458800046,1.25e-05
1748462400096,1.25e-05
1748466000153,1.25e-05
1748469600008,1.25e-05
1748473200054,1.25e-05
1748476800026,1.25e-05
1748480400033,1.25e-05
1748484000003,1.25e-05
1748487600067,3.96357e-05
1748491200048,2.63842e-05
1748494800008,1.25e-05
1748498400062,1.25e-05
1748502000047,1.25e-05
1748505600009,1.25e-05
1748509200005,1.25e-05
1748512800053,2.7317e-05
1748516400051,5.71209e-05
1748520000053,7.15763e-05
1748523600053,2.16951e-05
1748527200036,1.25e-05
1748530800014,1.25e-05
1748534400025,1.51942e-05
1748538000034,1.25e-05
1748541600040,1.25e-05
1748545200031,1.25e-05
1748548800009,1.25e-05
1748552400030,1.25e-05
1748556000127,1.25e-05
1748559600016,1.25e-05
1748563200037,1.25e-05
1748566800049,1.25e-05
1748570400039,1.25e-05
1748574000039,1.25e-05
1748577600047,1.25e-05
1748581200044,1.21549e-05
1748584800067,1.23094e-05
1748588400022,3.0816e-06
1748592000000,1.07245e-05
1748595600024,4.0664e-06
1748599200043,4.1287e-06
1748602800016,6.9014e-06
1748606400033,1.25e-05
1748610000062,7.5048e-06
1748613600061,1.25e-05
1748617200055,1.25e-05
1748620800012,1.25e-05
1748624400002,1.25e-05
1748628000054,1.25e-05
1748631600061,1.25e-05
1748635200010,1.25e-05
1748638800019,1.25e-05
1748642400048,1.25e-05
1748646000180,1.25e-05
1748649600016,1.25e-05
1748653200074,1.25e-05
1748656800014,1.25e-05
1748660400017,1.25e-05
1748664000080,1.25e-05
1748667600028,1.25e-05
1748671200064,1.25e-05
1748674800049,1.25e-05
1748678400077,1.25e-05
1748682000052,1.25e-05
1748685600063,1.25e-05
1748689200039,1.25e-05
1748692800065,1.25e-05
1748696400035,1.25e-05
1748700000046,1.25e-05
1748703600010,1.25e-05
1748707200045,1.25e-05
1748710800088,1.25e-05
1748714400045,1.25e-05
1748718000009,1.25e-05
1748721600027,1.25e-05
1748725200015,1.25e-05
1748728800046,1.25e-05
1748732400018,1.25e-05
1748736000078,1.25e-05
1748739600019,1.25e-05
1748743200109,1.25e-05
1748746800048,1.25e-05
1748750400103,1.25e-05
1748754000059,1.25e-05
1748757600133,1.25e-05
1748761200003,1.25e-05
1748764800002,1.25e-05
1748768400055,1.25e-05
1748772000042,1.25e-05
1748775600046,1.25e-05
1748779200025,1.25e-05
1748782800084,1.25e-05
1748786400010,1.25e-05
1748790000030,1.25e-05
1748793600048,1.25e-05
1748797200043,1.25e-05
1748800800076,1.25e-05
1748804400018,1.25e-05
1748808000004,1.25e-05
1748811600005,1.25e-05
1748815200049,1.25e-05
1748818800037,1.25e-05
1748822400086,1.25e-05
1748826000023,1.25e-05
1748829600030,1.25e-05
1748833200038,1.25e-05
1748836800014,1.25e-05
1748840400028,1.25e-05
1748844000044,1.25e-05
1748847600008,1.25e-05
1748851200040,1.25e-05
1748854800025,1.25e-05
1748858400026,1.25e-05
1748862000037,1.53838e-05
1748865600033,1.25e-05
1748869200081,1.25e-05
1748872800062,1.25e-05
1748876400064,1.25e-05
1748880000096,1.25e-05
1748883600043,1.25e-05
1748887200039,1.25e-05
1748890800056,1.25e-05
1748894400099,1.25e-05
1748898000035,1.25e-05
1748901600136,1.25e-05
1748905200002,1.25e-05
1748908800081,1.25e-05
1748912400009,1.25e-05
1748916000006,1.25e-05
1748919600056,1.25e-05
1748923200053,1.25e-05
1748926800040,1.25e-05
1748930400013,1.25e-05
1748934000012,1.25e-05
1748937600030,1.25e-05
1748941200023,1.25e-05
1748944800007,1.25e-05
1748948400041,1.25e-05
1748952000032,1.25e-05
1748955600033,1.76012e-05
1748959200009,1.62163e-05
1748962800025,1.25e-05
1748966400045,1.25e-05
1748970000035,1.25e-05
1748973600005,-2.14656e-05
1748977200055,3.2913e-06
1748980800047,1.25e-05
1748984400022,-8.6082e-06
1748988000045,-6.878e-07
1748991600057,8.987e-06
1748995200069,-1.5474e-06
1748998800018,8.6889e-06
1749002400063,2.6544e-06
1749006000013,1.8137e-06
1749009600062,2.8191e-06
1749013200046,9.5899e-06
1749016800082,1.25e-05
1749020400073,1.01614e-05
1749024000021,1.25e-05
1749027600081,1.25e-05
1749031200065,1.25e-05
1749034800022,1.25e-05
1749038400002,1.20184e-05
1749042000042,1.25e-05
1749045600057,1.05904e-05
1749049200078,4.2693e-06
1749052800078,1.25e-05
1749056400038,1.25e-05
1749060000055,1.25e-05
1749063600060,1.25e-05
1749067200034,1.25e-05
1749070800050,1.25e-05
1749074400054,1.25e-05
1749078000077,1.25e-05
1749081600030,1.25e-05
1749085200048,1.25e-05
1749088800041,1.25e-05
1749092400032,1.25e-05
1749096000121,1.25e-05
1749099600107,1.25e-05
1749103200049,6.3638e-06
1749106800043,1.25e-05
1749110400070,1.25e-05
1749114000114,1.25e-05
1749117600024,1.25e-05
1749121200019,1.25e-05
1749124800051,1.25e-05
1749128400009,1.25e-05
1749132000100,1.25e-05
1749135600039,1.25e-05
1749139200036,1.25e-05
1749142800020,1.25e-05
1749146400120,1.25e-05
1749150000052,1.25e-05
1749153600081,1.25e-05
1749157200032,1.25e-05
1749160800004,1.25e-05
1749164400057,1.25e-05
1749168000006,1.25e-05
1749171600034,1.25e-05
1749175200029,1.25e-05
1749178800018,1.25e-05
1749182400038,1.25e-05
1749186000153,1.25e-05
1749189600050,1.25e-05
1749193200032,1.25e-05
1749196800093,1.25e-05
1749200400118,1.25e-05
1749204000014,1.25e-05
1749207600020,1.12024e-05
1749211200086,5.4147e-06
1749214800084,7.7384e-06
1749218400000,4.7647e-06
1749222000000,-9.7027e-06
1749225600031,-2.30165e-05
1749229200080,-1.50339e-05
1749232800028,-1.4552e-06
1749236400061,-3.5089e-06
1749240000067,-1.00448e-05
1749243600062,2.0174e-06
1749247200029,4.7814e-06
1749250800070,1.426e-06
1749254400049,4.5896e-06
1749258000109,-1.3106e-06
1749261600150,-3.987e-06
1749265200011,-4.7479e-06
1749268800007,1.25e-05
1749272400100,7.1793e-06
1749276000006,8.647e-06
1749279600001,1.25e-05
1749283200011,1.25e-05
1749286800055,1.25e-05
1749290400012,1.25e-05
1749294000014,1.12377e-05
1749297600046,1.25e-05
1749301200000,9.1328e-06
1749304800037,1.25e-05
1749308400034,1.07768e-05
1749312000047,1.06525e-05
1749315600034,1.25e-05
1749319200035,2.278e-07
1749322800020,5.5629e-06
1749326400034,3.5964e-06
1749330000023,4.1405e-06
1749333600024,1.79e-07
1749337200133,2.4748e-06
1749340800068,3.9515e-06
1749344400007,1.5218e-06
1749348000039,1.25e-05
1749351600042,8.6909e-06
1749355200077,1.06214e-05
1749358800050,1.25e-05
1749362400030,1.25e-05
1749366000054,1.25e-05
1749369600054,1.25e-05
1749373200029,1.25e-05
1749376801094,1.25e-05
1749380400047,8.2341e-06
1749384000050,1.25e-05
1749387600090,1.22663e-05
1749391200034,3.7681e-06
1749394800008,9.4414e-06
1749398400155,1.25e-05
1749402000100,1.25e-05
1749405600014,1.25e-05
1749409200129,-7.251e-06
1749412800076,-3.149e-06
1749416400020,-3.2243e-06
1749420000029,-1.18154e-05
1749423600026,-1.5272e-05
1749427200057,-1.51772e-05
1749430800044,-1.90156e-05
1749434400044,-2.3212e-06
1749438000080,1.25e-05
1749441600036,1.25e-05
1749445200013,8.379e-07
1749448800017,1.25e-05
1749452400028,1.25e-05
1749456000048,1.25e-05
1749459600009,1.25e-05
1749463200027,1.25e-05
1749466800064,1.25e-05
1749470400039,1.25e-05
1749474000049,1.25e-05
1749477600022,1.25e-05
1749481200045,1.25e-05
1749484800064,1.25e-05
1749488400044,1.25e-05
1749492000020,1.25e-05
1749495600008,1.25e-05
1749499200017,1.25e-05
1749502800047,1.25e-05
1749506400064,1.25e-05
1749510000012,1.25e-05
1749513600020,1.25e-05
1749517200087,2.59969e-05
1749520800084,1.25e-05
1749524400011,1.25e-05
1749528000100,1.25e-05
1749531600092,1.5021e-05
1749535200045,2.04292e-05
1749538800034,3.33146e-05
1749542400005,2.73499e-05
1749546000009,1.97157e-05
1749549600100,2.65158e-05
1749553200059,2.9932e-05
1749556800068,4.50744e-05
1749560400051,3.68336e-05
1749564000059,4.58885e-05
1749567600028,2.55664e-05
1749571200050,2.55016e-05
1749574800088,2.5067e-05
1749578400000,2.0504e-05
1749582000048,1.25e-05
1749585600022,2.98827e-05
1749589200022,4.35872e-05
1749592800015,2.88983e-05
1749596400052,3.37117e-05
1749600000023,3.55058e-05
1749603600031,3.33262e-05
1749607200000,2.28974e-05
1749610800029,2.18156e-05
1749614400007,1.25897e-05
1749618000064,1.44733e-05
1749621600004,1.25e-05
1749625200104,1.25e-05
1749628800010,2.61881e-05
1749632400000,2.29087e-05
1749636000000,2.02126e-05
1749639600025,1.25e-05
1749643200014,1.25e-05
1749646800005,2.27936e-05
1749650400039,5.76133e-05
1749654000066,3.80877e-05
1749657600022,3.38804e-05
1749661200025,2.39467e-05
1749664800056,1.25e-05
1749668400046,1.42113e-05
1749672000062,1.25e-05
1749675600047,1.25e-05
1749679200010,1.25e-05
1749682800035,1.25e-05
1749686400029,1.25e-05
1749690000057,1.25e-05
1749693600030,1.25e-05
1749697200050,1.25e-05
1749700800063,1.25e-05
1749704400051,1.25e-05
1749708000026,1.25e-05
1749711600003,1.25e-05
1749715200002,1.25e-05
1749718800008,1.25e-05
1749722400077,1.25e-05
1749726000028,1.25e-05
1749729600029,1.25e-05
1749733200033,1.25e-05
1749736800050,1.25e-05
1749740400041,1.25e-05
1749744000065,2.09869e-05
1749747600050,3.20281e-05
1749751200038,2.05652e-05
1749754800005,1.75242e-05
1749758400034,1.25e-05
1749762000020,1.25e-05
1749765600002,1.25e-05
1749769200085,1.25e-05
1749772800071,1.25e-05
1749776400021,1.25e-05
1749780000052,1.25e-05
1749783600055,1.25e-05
1749787200055,1.25e-05
1749790800019,1.25e-05
1749794400076,8.8157e-06
1749798000070,-1.9939e-06
1749801600018,5.2072e-06
1749805200004,1.25e-05
1749808800049,1.25e-05
1749812400043,1.25e-05
1749816000027,9.9113e-06
1749819600058,9.8253e-06
1749823200063,1.25e-05
1749826800029,1.25e-05
1749830400040,1.25e-05
1749834000020,-1.8528e-06
1749837600083,-4.081e-06
1749841200092,-5.9656e-06
1749844800037,-4.2175e-06
1749848400004,5.105e-06
1749852000162,4.1878e-06
1749855600009,9.2441e-06
1749859200047,1.05444e-05
1749862800084,-1.7124e-06
1749866400075,-2.543e-06
1749870000035,3.0452e-06
1749873600008,-1.18441e-05
1749877200037,-5.0165e-06
1749880800047,3.3e-09
1749884400013,-6.8321e-06
1749888000182,-3.1566e-06
1749891600007,-1.5783e-06
1749895200013,-5.1781e-06
1749898800012,-2.0013e-06
1749902400033,1.0738e-06
1749906000004,-4.0491e-06
1749909600010,-2.6979e-06
1749913200001,1.3783e-06
1749916800021,1.5985e-06
1749920400013,-3.1138e-06
1749924000012,2.2419e-06
1749927600061,1.03288e-05
1749931200043,-6.229e-06
1749934800044,9.2651e-06
1749938400032,1.25e-05
1749942000017,1.25e-05
1749945600102,1.25e-05
1749949200119,1.25e-05
1749952800164,1.25e-05
1749956400032,1.25e-05
1749960000040,1.25e-05
1749963600095,3.1265e-06
1749967200052,1.25e-05
1749970800018,1.25e-05
1749974400021,1.25e-05
1749978000016,1.25e-05
1749981600032,1.25e-05
1749985200032,1.25e-05
1749988800126,1.25e-05
1749992400030,1.25e-05
1749996000056,1.25e-05
1749999600041,1.25e-05
1750003200130,1.25e-05
1750006800045,1.25e-05
1750010400022,1.25e-05
1750014000071,1.25e-05
1750017600032,1.25e-05
1750021200007,1.25e-05
1750024800017,1.25e-05
1750028400037,1.25e-05
1750032000076,1.25e-05
1750035600049,1.25e-05
1750039200073,1.25e-05
1750042800020,1.25e-05
1750046400041,1.25e-05
1750050000097,1.25e-05
1750053600023,2.90152e-05
1750057200083,2.09928e-05
1750060800052,1.25e-05
1750064400029,1.25e-05
1750068000078,1.25e-05
1750071600015,1.34329e-05
1750075200104,2.02584e-05
1750078800089,1.25e-05
1750082400039,1.25e-05
1750086000038,2.02078e-05
1750089600043,1.25e-05
1750093200011,1.25e-05
1750096800037,1.25e-05
1750100400001,1.25e-05
1750104000000,1.25e-05
1750107600037,1.25e-05
1750111200001,1.25e-05
1750114800089,1.25e-05
1750118400100,1.25e-05
1750122000007,1.25e-05
1750125600020,1.25e-05
1750129200002,1.25e-05
1750132800065,1.25e-05
1750136400036,1.25e-05
1750140000030,1.25e-05
1750143600019,1.25e-05
1750147200086,1.25e-05
1750150800014,1.25e-05
1750154400035,1.25e-05
1750158000010,1.25e-05
1750161600148,1.25e-05
1750165200023,1.25e-05
1750168800000,8.61e-06
1750172400033,1.25e-05
1750176000030,1.25e-05
1750179600001,1.25e-05
1750183200016,1.25e-05
1750186800020,1.25e-05
1750190400072,1.25e-05
1750194000134,6.6978e-06
1750197600007,1.0535e-06
1750201200041,1.9861e-06
1750204800088,5.6921e-06
1750208400078,5.2974e-06
1750212000090,1.25e-05
1750215600030,1.23106e-05
1750219200080,1.25e-05
1750222800071,1.25e-05
1750226400051,1.25e-05
1750230000036,7.1155e-06
1750233600028,-1.8705e-06
1750237200015,-2.6348e-06
1750240800036,6.275e-07
1750244400033,-1.9859e-06
1750248000012,-7.2607e-06
1750251600176,-1.0149e-06
1750255200051,-2.5886e-06
1750258800022,1.25e-05
1750262400066,1.25e-05
1750266000052,1.25e-05
1750269600067,1.25e-05
1750273200046,1.25e-05
1750276800040,1.25e-05
1750280400006,9.8276e-06
1750284000041,-1.8419e-06
1750287600066,7.8115e-06
1750291200047,7.8164e-06
1750294800052,1.25e-05
1750298400022,1.25e-05
1750302000039,5.2175e-06
1750305600079,9.8689e-06
1750309200009,1.06558e-05
1750312800005,1.25e-05
1750316400071,1.25e-05
1750320000036,9.8506e-06
1750323600002,-3.1958e-06
1750327200081,1.0846e-05
1750330800024,1.25e-05
1750334400042,1.25e-05
1750338000015,1.25e-05
1750341600064,9.9362e-06
1750345200017,1.25e-05
1750348800041,-1.0842e-05
1750352400007,-1.86643e-05
1750356000012,-6.1808e-06
1750359600010,-4.5018e-06
1750363200009,4.1858e-06
1750366800013,7.5451e-06
1750370400020,5.3822e-06
1750374000094,7.8359e-06
1750377600010,1.25e-05
1750381200041,1.25e-05
1750384800037,1.25e-05
1750388400001,1.25e-05
1750392000051,1.25e-05
1750395600001,1.25e-05
1750399200010,1.25e-05
1750402800184,1.25e-05
1750406400051,1.25e-05
1750410000015,1.25e-05
1750413600061,1.25e-05
1750417200044,1.25e-05
1750420800061,1.25e-05
1750424400035,1.25e-05
1750428000039,1.25e-05
1750431600025,1.25e-05
1750435200037,1.25e-05
1750438800001,1.25e-05
1750442400003,1.25e-05
1750446000018,1.25e-05
1750449600100,1.25e-05
1750453200016,1.25e-05
1750456800031,1.25e-05
1750460400059,1.25e-05
1750464000049,1.25e-05
1750467600056,1.25e-05
1750471200037,1.25e-05
1750474800106,1.25e-05
1750478400070,8.412e-06
1750482000024,1.25e-05
1750485600014,1.25e-05
1750489200018,1.25e-05
1750492800012,1.25e-05
1750496400057,1.25e-05
1750500000011,1.22197e-05
1750503600021,1.25e-05
1750507200046,1.25e-05
1750510800024,1.25e-05
1750514400060,7.644e-07
1750518000030,-4.0438e-06
1750521600081,-9.2053e-06
1750525200045,-2.6444e-06
1750528800041,-5.367e-07
1750532400077,-3.9773e-06
1750536000044,1.3393e-06
1750539600061,1.20167e-05
1750543200046,1.25e-05
1750546800104,1.25e-05
1750550400016,1.25e-05
1750554000040,1.25e-05
1750557600038,1.25e-05
1750561200065,1.25e-05
1750564800100,1.25e-05
1750568400018,1.25e-05
1750572000038,1.25e-05
1750575600067,1.25e-05
1750579200031,1.25e-05
1750582800046,1.25e-05
1750586400050,1.25e-05
1750590000036,1.25e-05
1750593600031,1.25e-05
1750597200012,1.25e-05
1750600800086,1.419e-06
1750604400065,-1.9346e-06
1750608000069,1.25e-05
1750611600040,1.25e-05
1750615200048,1.25e-05
1750618800085,1.25e-05
1750622400054,1.25e-05
1750626000048,1.25e-05
1750629600041,1.23979e-05
1750633200044,1.25e-05
1750636800043,7.876e-06
1750640400037,4.2416e-06
1750644000017,4.0332e-06
1750647600044,-1.0091e-06
1750651200049,-2.8689e-06
1750654800019,8.221e-07
1750658400076,-1.5601e-06
1750662000011,2.6228e-06
1750665600017,-2.5741e-06
1750669200019,-2.5805e-06
1750672800046,-3.1846e-06
1750676400034,5.105e-07
1750680000080,-1.6329e-06
1750683600012,4.9452e-06
1750687200004,-1.5866e-06
1750690800046,-2.5239e-05
1750694400038,-1.94615e-05
1750698000060,-2.42318e-05
1750701600057,1.25e-05
1750705200136,1.25e-05
1750708800113,1.18842e-05
1750712400002,1.25e-05
1750716000022,1.12474e-05
1750719600081,1.25e-05
1750723200086,1.25e-05
1750726800030,1.25e-05
1750730400012,1.25e-05
1750734000058,1.07253e-05
1750737600011,9.2475e-06
1750741200057,3.6677e-06
1750744800021,1.25e-05
1750748400020,1.25e-05
1750752000005,1.25e-05
1750755600035,-5.2154e-06
1750759200047,1.25e-05
1750762800024,1.25e-05
1750766400039,1.25e-05
1750770000075,1.25e-05
1750773600000,9.4252e-06
1750777200070,-1.10404e-05
1750780800015,-1.24009e-05
1750784400052,5.3664e-06
1750788000069,6.9568e-06
1750791600043,-3.7184e-06
1750795200020,-2.69e-06
1750798800117,1.031e-05
1750802400021,3.6058e-06
1750806000016,-3.2096e-06
1750809600046,-3.0005e-06
1750813200024,1.9394e-06
1750816800044,6.029e-06
1750820400022,9.9574e-06
1750824000021,6.6792e-06
1750827600108,1.25e-05
1750831200081,1.25e-05
1750834800014,1.25e-05
1750838400049,1.25e-05
1750842000056,1.25e-05
1750845600018,1.25e-05
1750849200047,1.25e-05
1750852800014,1.25e-05
1750856400113,1.25e-05
1750860000133,1.25e-05
1750863600058,1.25e-05
1750867200058,1.25e-05
1750870800041,7.9101e-06
1750874400042,-2.891e-06
1750878000007,7.1099e-06
1750881600067,6.9813e-06
1750885200026,1.25e-05
1750888800007,1.25e-05
1750892400042,1.25e-05
1750896000101,3.9892e-06
1750899600002,-2.5071e-06
1750903200017,1.2994e-06
1750906800038,1.25e-05
1750910400069,1.25e-05
1750914000068,1.25e-05
1750917600042,1.25e-05
1750921200020,1.25e-05
1750924800086,1.25e-05
1750928400030,1.25e-05
1750932000107,1.25e-05
1750935600055,1.25e-05
1750939200037,1.25e-05
1750942800035,1.25e-05
1750946400041,1.25e-05
1750950000057,1.25e-05
1750953600035,3.411e-06
1750957200006,-1.7533e-06
1750960800019,-3.1315e-06
1750964400032,7.9779e-06
1750968000060,1.13084e-05
1750971600003,1.25e-05
1750975200030,-1.93145e-05
1750978800100,-2.54375e-05
1750982400045,-2.29354e-05
1750986000051,-2.68806e-05
1750989600002,-2.36375e-05
1750993200058,-2.15474e-05
1750996800075,-1.90708e-05
1751000400053,-1.22498e-05
1751004000022,-7.9174e-06
1751007600039,-4.292e-06
1751011200094,1.8793e-06
1751014800074,-1.26845e-05
1751018400062,1.25e-05
1751022000077,4.0396e-06
1751025600089,-6.3647e-06
1751029200012,5.1494e-06
1751032800134,8.1021e-06
1751036400057,1.25e-05
1751040000002,1.25e-05
1751043600040,1.25e-05
1751047200028,1.25e-05
1751050800055,1.25e-05
1751054400010,1.25e-05
1751058000128,1.25e-05
1751061600049,1.25e-05
1751065200026,1.25e-05
1751068800061,1.25e-05
1751072400002,1.25e-05
1751076000050,1.25e-05
1751079600018,1.25e-05
1751083200012,1.25e-05
1751086800027,1.25e-05
1751090400009,1.17692e-05
1751094000061,1.25e-05
1751097600029,1.10867e-05
1751101200080,9.2881e-06
1751104800063,4.623e-06
1751108400015,6.478e-06
1751112000033,5.7544e-06
1751115600035,3.7979e-06
1751119200069,1.25e-05
1751122800038,1.25e-05
1751126400129,1.23249e-05
1751130000012,1.25e-05
1751133600074,1.25e-05
1751137200062,1.25e-05
1751140800031,1.25e-05
1751144400032,1.25e-05
1751148000098,1.25e-05
1751151600026,1.25e-05
1751155200019,1.25e-05
1751158800121,1.25e-05
1751162400018,1.25e-05
1751166000058,1.25e-05
1751169600046,1.25e-05
1751173200092,1.25e-05
1751176800009,1.25e-05
1751180400042,1.25e-05
1751184000036,1.25e-05
1751187600036,1.25e-05
1751191200076,1.25e-05
1751194800049,1.25e-05
1751198400033,1.25e-05
1751202000061,1.25e-05
1751205600001,1.25e-05
1751209200052,1.25e-05
1751212800060,1.25e-05
1751216400066,9.8393e-06
1751220000047,1.104e-07
1751223600122,-1.0248e-06
1751227200049,1.6461e-06
1751230800068,1.25e-05
1751234400016,1.14811e-05
1751238000017,1.25e-05
1751241600062,1.25e-05
1751245200028,1.25e-05
1751248800062,1.25e-05
1751252400034,1.25e-05
1751256000049,1.25e-05
1751259600040,1.25e-05
1751263200058,1.25e-05
1751266800011,1.25e-05
1751270400035,-3.1811e-06
1751274000077,5.9406e-06
1751277600008,1.19742e-05
1751281200026,1.25e-05
1751284800051,1.25e-05
1751288400038,1.25e-05
1751292000068,1.25e-05
1751295600010,1.25e-05
1751299200014,1.25e-05
1751302800035,1.25e-05
1751306400047,1.25e-05
1751310000009,1.25e-05
1751313600048,1.25e-05
1751317200106,1.25e-05
1751320800037,1.25e-05
1751324400013,1.25e-05
1751328000000,1.25e-05
1751331600011,1.25e-05
1751335200035,1.25e-05
1751338800038,1.25e-05
1751342400012,1.25e-05
1751346000014,1.05637e-05
1751349600028,1.25e-05
1751353200012,1.25e-05
1751356800025,1.25e-05
1751360400032,1.25e-05
1751364000005,3.1339e-06
1751367600022,-7.7336e-06
1751371200037,-4.223e-07
1751374800023,2.81e-08
1751378400059,3.6862e-06
1751382000051,-4.787e-06
1751385600065,9.6092e-06
1751389200091,1.25e-05
1751392800012,6.8556e-06
1751396400051,3.699e-07
1751400000039,1.1024e-05
1751403600001,1.6494e-06
1751407200000,4.8235e-06
1751410800025,5.7925e-06
1751414400041,8.1005e-06
1751418000011,1.00038e-05
1751421600107,1.20141e-05
1751425200024,1.25e-05
1751428800099,1.25e-05
1751432400011,6.3311e-06
1751436000037,1.25e-05
1751439600071,1.25e-05
1751443200049,1.25e-05
1751446800053,1.25e-05
1751450400047,2.7866e-06
1751454000038,5.1894e-06
1751457600059,-6.3605e-06
1751461200000,1.25e-05
1751464800049,1.25e-05
1751468400010,1.25e-05
1751472000059,1.25e-05
1751475600066,1.25e-05
1751479200001,4.6176e-06
1751482800122,1.14613e-05
1751486400002,-3.5645e-06
1751490000024,1.25e-05
1751493600038,1.14215e-05
1751497200063,1.25e-05
1751500800130,1.25e-05
1751504400011,1.25e-05
1751508000048,1.25e-05
1751511600081,1.25e-05
1751515200066,1.25e-05
1751518800012,1.25e-05
1751522400001,1.25e-05
1751526000033,1.25e-05
1751529600051,1.25e-05
1751533200047,1.25e-05
1751536800042,1.25e-05
1751540400013,1.25e-05
1751544000051,1.25e-05
1751547600047,1.25e-05
1751551200079,1.25e-05
1751554800007,1.25e-05
1751558400045,1.25e-05
1751562000034,1.25e-05
1751565600053,1.25e-05
1751569200011,8.7458e-06
1751572800054,1.25e-05
1751576400075,1.25e-05
1751580000040,1.25e-05
1751583600069,1.25e-05
1751587200046,1.25e-05
1751590800035,1.25e-05
1751594400109,1.25e-05
1751598000027,1.04007e-05
1751601600076,9.4067e-06
1751605200024,5.625e-07
1751608800104,1.07349e-05
1751612400018,1.25e-05
1751616000038,1.25e-05
1751619600001,3.2851e-06
1751623200081,3.0647e-06
1751626800045,8.7587e-06
1751630400042,1.03802e-05
1751634000040,6.0274e-06
1751637600029,3.4814e-06
1751641200091,1.25e-05
1751644800010,1.25e-05
1751648400118,1.25e-05
1751652000053,1.25e-05
1751655600123,1.25e-05
1751659200017,1.25e-05
1751662800042,1.25e-05
1751666400049,1.25e-05
1751670000083,1.25e-05
1751673600007,1.25e-05
1751677200030,1.25e-05
1751680800019,1.25e-05
1751684400008,1.25e-05
1751688000076,1.25e-05
1751691600064,1.25e-05
1751695200053,1.25e-05
1751698800032,1.25e-05
1751702400056,1.25e-05
1751706000010,1.25e-05
1751709600090,1.25e-05
1751713200026,1.25e-05
1751716800075,1.25e-05
1751720400027,1.25e-05
1751724000048,1.25e-05
1751727600064,1.25e-05
1751731200036,1.25e-05
1751734800058,1.25e-05
1751738400005,1.25e-05
1751742000089,1.25e-05
1751745600032,1.25e-05
1751749200046,1.25e-05
1751752800143,1.25e-05
1751756400022,1.25e-05
1751760000004,1.25e-05
1751763600065,1.25e-05
1751767200058,1.25e-05
1751770800006,1.25e-05
1751774400047,1.25e-05
1751778000035,1.25e-05
1751781600037,1.25e-05
1751785200012,1.25e-05
1751788800015,1.25e-05
1751792400014,1.25e-05
1751796000119,1.25e-05
1751799600051,1.25e-05
1751803200064,1.25e-05
1751806800046,1.25e-05
1751810400014,1.25e-05
1751814000076,1.25e-05
1751817600008,1.25e-05
1751821200017,1.25e-05
1751824800027,1.25e-05
1751828400074,1.25e-05
1751832000062,1.25e-05
1751835600041,1.25e-05
1751839200056,1.25e-05
1751842800036,1.25e-05
1751846400068,1.25e-05
1751850000108,1.25e-05
1751853600146,1.25e-05
1751857200054,1.25e-05
1751860800051,1.25e-05
1751864400080,1.25e-05
1751868000083,1.25e-05
1751871600052,1.25e-05
1751875200115,1.25e-05
1751878800145,1.25e-05
1751882400038,1.25e-05
1751886000045,1.25e-05
1751889600021,1.25e-05
1751893200127,1.25e-05
1751896800078,1.25e-05
1751900400064,1.25e-05
1751904000064,1.25e-05
1751907600073,1.25e-05
1751911200080,1.25e-05
1751914800013,1.25e-05
1751918400029,1.25e-05
1751922000018,1.25e-05
1751925600035,1.25e-05
1751929200055,1.25e-05
1751932800008,1.25e-05
1751936400089,1.25e-05
1751940000062,1.25e-05
1751943600052,1.25e-05
1751947200066,1.25e-05
1751950800034,1.25e-05
1751954400029,1.25e-05
1751958000043,1.25e-05
1751961600021,1.25e-05
1751965200038,1.25e-05
1751968800075,1.25e-05
1751972400001,1.25e-05
1751976000073,1.25e-05
1751979600015,1.25e-05
1751983200049,1.25e-05
1751986800027,1.25e-05
1751990400016,1.25e-05
1751994000060,1.25e-05
1751997600004,1.25e-05
1752001200114,1.25e-05
1752004800017,1.25e-05
1752008400059,1.25e-05
1752012000016,1.25e-05
1752015600015,1.25e-05
1752019200036,1.25e-05
1752022800082,1.25e-05
1752026400060,1.25e-05
1752030000064,1.25e-05
1752033600064,1.25e-05
1752037200048,1.25e-05
1752040800088,1.25e-05
1752044400000,1.25e-05
1752048000034,1.25e-05
1752051600004,1.25e-05
1752055200045,1.25e-05
1752058800038,1.25e-05
1752062400110,1.25e-05
1752066000034,1.25e-05
1752069600097,1.25e-05
1752073200009,1.25e-05
1752076800078,1.25e-05
1752080400047,1.25e-05
1752084000002,1.25e-05
1752087600028,1.25e-05
1752091200091,1.25e-05
1752094800043,1.25e-05
1752098400028,1.25e-05
1752102000036,1.25e-05
1752105600063,1.25e-05
1752109200057,1.25e-05
1752112800003,1.25e-05
1752116400012,1.25e-05
1752120000033,1.25e-05
1752123600007,1.25e-05
1752127200042,1.25e-05
1752130800002,1.25e-05
1752134400044,1.25e-05
1752138000053,1.25e-05
1752141600056,1.25e-05
1752145200034,1.25e-05
1752148800005,1.25e-05
1752152400116,1.25e-05
1752156000005,1.25e-05
1752159600197,1.25e-05
1752163200036,1.25e-05
1752166800011,1.25e-05
1752170400029,1.25e-05
1752174000070,1.25e-05
1752177600027,1.25e-05
1752181200002,1.25e-05
1752184800089,1.25e-05
1752188400033,1.25e-05
1752192000021,1.25e-05
1752195600016,1.25e-05
1752199200027,1.25e-05
1752202800066,1.25e-05
1752206400051,1.25e-05
1752210000024,1.25e-05
1752213600056,1.25e-05
1752217200133,2.5682e-05
1752220800054,4.02512e-05
1752224400052,3.68977e-05
1752228000022,3.72991e-05
1752231600093,3.60939e-05
1752235200062,2.21747e-05
1752238800059,1.25e-05
1752242400059,1.32544e-05
1752246000054,2.67921e-05
1752249600033,4.20047e-05
1752253200049,7.03289e-05
1752256800073,6.87271e-05
1752260400012,6.71521e-05
1752264000012,7.53256e-05
1752267600040,4.94705e-05
1752271200014,4.65182e-05
1752274800020,3.70307e-05
1752278400034,2.93806e-05
1752282000042,2.77902e-05
1752285600000,2.51678e-05
1752289200016,3.01008e-05
1752292800003,2.2715e-05
1752296400063,1.9671e-05
1752300000076,1.46482e-05
1752303600092,2.51799e-05
1752307200014,3.75489e-05
1752310800188,4.23709e-05
1752314400051,4.00812e-05
1752318000022,3.52095e-05
1752321600003,1.75229e-05
1752325200074,1.25e-05
1752328800046,1.25e-05
1752332400027,1.25e-05
1752336000169,1.25e-05
1752339600094,1.25e-05
1752343200088,1.25e-05
1752346800052,1.25e-05
1752350400106,1.25e-05
1752354000081,1.25e-05
1752357600013,1.25e-05
1752361200041,1.25e-05
1752364800043,1.25e-05
1752368400010,1.25e-05
1752372000001,1.27206e-05
1752375600029,1.25e-05
1752379200075,2.08541e-05
1752382800091,2.98318e-05
1752386400028,2.92588e-05
1752390000040,2.67355e-05
1752393600019,3.18775e-05
1752397200077,1.72984e-05
1752400800020,1.98476e-05
1752404400037,2.55391e-05
1752408000008,3.12764e-05
1752411600065,4.26262e-05
1752415200082,3.28564e-05
1752418800059,1.72965e-05
1752422400092,1.80187e-05
1752426000034,2.06533e-05
1752429600040,1.25e-05
1752433200072,1.25e-05
1752436800054,1.81284e-05
1752440400000,2.04777e-05
1752444000033,2.01519e-05
1752447600024,1.25e-05
1752451200036,1.25e-05
1752454800024,1.25e-05
1752458400079,1.25e-05
1752462000010,1.37344e-05
1752465600018,3.89974e-05
1752469200053,4.97279e-05
1752472800033,5.83666e-05
1752476400003,4.34735e-05
1752480000042,5.17587e-05
1752483600018,5.4459e-05
1752487200025,3.01539e-05
1752490800020,4.47294e-05
1752494400055,3.91045e-05
1752498000002,5.78247e-05
1752501600080,5.3759e-05
1752505200063,7.04821e-05
1752508800000,4.57446e-05
1752512400013,0.0001201701
1752516000010,0.0001053438
1752519600010,8.91339e-05
1752523200022,6.42682e-05
1752526800016,6.67673e-05
1752530400025,6.26512e-05
1752534000098,7.62033e-05
1752537600017,6.55451e-05
1752541200067,5.4796e-05
1752544800080,5.59711e-05
1752548400083,0.0001501336
1752552000022,0.0001309732
1752555600012,0.0001175303
1752559200038,6.16286e-05
1752562800046,3.52998e-05
1752566400039,3.08558e-05
1752570000051,1.25e-05
1752573600042,1.72904e-05
1752577200094,5.65762e-05
1752580800059,3.58233e-05
1752584400012,2.0684e-05
1752588000027,6.1753e-05
1752591600056,1.31139e-05
1752595200005,1.25e-05
1752598800039,1.45684e-05
1752602400059,6.27871e-05
1752606000065,6.39249e-05
1752609600025,1.57304e-05
1752613200030,1.25e-05
1752616800035,1.25e-05
1752620400002,1.25e-05
1752624000004,1.25e-05
1752627600034,2.8121e-05
1752631200042,5.72182e-05
1752634800057,6.85575e-05
1752638400052,7.80813e-05
1752642000061,8.67921e-05
1752645600066,9.77399e-05
1752649200019,8.26903e-05
1752652800125,0.0001022088
1752656400075,0.0001073619
1752660000023,0.0001070537
1752663600021,7.46177e-05
1752667200029,4.55399e-05
1752670800002,4.07586e-05
1752674400023,2.13294e-05
1752678000017,3.45407e-05
1752681600018,1.25e-05
1752685200032,2.30797e-05
1752688800069,2.70377e-05
1752692400042,3.34048e-05
1752696000019,3.94823e-05
1752699600095,4.68354e-05
1752703200002,3.13406e-05
1752706800059,2.52295e-05
1752710400022,2.52346e-05
1752714000072,3.19419e-05
1752717600058,1.94092e-05
1752721200030,1.25e-05
1752724800119,1.25e-05
1752728400004,1.25e-05
1752732000008,1.25e-05
1752735600001,1.25e-05
1752739200042,1.25e-05
1752742800070,2.06218e-05
1752746400089,3.96744e-05
1752750000060,2.70946e-05
1752753600062,1.91213e-05
1752757200052,3.90511e-05
1752760800131,5.33745e-05
1752764400026,3.43898e-05
1752768000033,4.07921e-05
1752771600134,2.0925e-05
1752775200032,2.78684e-05
1752778800006,3.65509e-05
1752782400052,3.79208e-05
1752786000061,2.01174e-05
1752789600060,7.83345e-05
1752793200055,6.51993e-05
1752796800073,6.00661e-05
1752800400055,3.51221e-05
1752804000058,4.51031e-05
1752807600081,4.25114e-05
1752811200043,3.7905e-05
1752814800005,3.75533e-05
1752818400057,2.79913e-05
1752822000019,3.88026e-05
1752825600069,4.47736e-05
1752829200041,4.7022e-05
1752832800027,4.32593e-05
1752836400021,3.82123e-05
1752840000057,4.09624e-05
1752843600018,4.08823e-05
1752847200134,1.25e-05
1752850800047,1.25e-05
1752854400021,1.25e-05
1752858000042,1.25e-05
1752861600052,1.25e-05
1752865200066,1.25e-05
1752868800097,1.25e-05
1752872400055,1.25e-05
1752876000028,1.25e-05
1752879600012,1.25e-05
1752883200046,1.25e-05
1752886800064,1.25e-05
1752890400017,1.25e-05
1752894000009,1.25e-05
1752897600048,1.25e-05
1752901200061,1.25e-05
1752904800014,1.25e-05
1752908400098,1.25e-05
1752912000008,1.25e-05
1752915600024,1.25e-05
1752920087645,1.25e-05
1752922800083,1.25e-05
1752926400122,1.25e-05
1752930000051,1.25e-05
1752933600098,1.25e-05
1752937200036,1.25e-05
1752940800007,1.25e-05
1752944400012,1.25e-05
1752948000019,1.25e-05
1752951600040,1.25e-05
1752955200055,1.25e-05
1752958800033,1.25e-05
1752962400071,1.25e-05
1752966000079,1.25e-05
1752969600003,1.25e-05
1752973200076,1.25e-05
1752976800038,1.25e-05
1752980400088,1.25e-05
1752984000069,1.25e-05
1752987600039,1.25e-05
1752991200036,1.25e-05
1752994800054,1.25e-05
1752998400014,1.25e-05
1753002000040,1.25e-05
1753005600081,1.25e-05
1753009200042,1.25e-05
1753012800053,1.25e-05
1753016400021,1.25e-05
1753020000037,1.25e-05
1753023600038,1.25e-05
1753027200025,1.73475e-05
1753030800014,1.71702e-05
1753034400018,1.86928e-05
1753038000082,2.28254e-05
1753041600094,3.42499e-05
1753045200033,2.61151e-05
1753048800035,1.51191e-05
1753052400022,1.57589e-05
1753056000039,1.25e-05
1753059600007,1.25e-05
1753063200017,1.25e-05
1753066800018,1.25e-05
1753070400027,1.25e-05
1753074000041,1.25e-05
1753077600055,1.25e-05
1753081200060,1.25e-05
1753084800018,1.92018e-05
1753088400003,2.09247e-05
1753092000002,2.75141e-05
1753095600035,2.68239e-05
1753099200010,2.84323e-05
1753102800019,2.90844e-05
1753106400096,3.48601e-05
1753110000019,1.60659e-05
1753113600004,2.054e-05
1753117200069,2.73207e-05
1753120800028,1.47797e-05
1753124400051,1.25e-05
1753128000091,1.25e-05
1753131600069,1.25e-05
1753135200071,1.25e-05
1753138800027,1.25e-05
1753142400092,1.25e-05
1753146000084,1.25e-05
1753149600064,1.25e-05
1753153200024,1.56502e-05
1753156800036,1.62958e-05
1753160400100,1.25e-05
1753164000087,1.25e-05
1753167600027,1.25e-05
1753171200016,2.78757e-05
1753174800016,1.25e-05
1753178400011,1.54487e-05
1753182000048,3.25296e-05
1753185600000,4.00372e-05
1753189200021,2.91949e-05
1753192800027,1.79093e-05
1753196400090,1.3784e-05
1753200000039,4.95445e-05
1753203600042,4.53263e-05
1753207200008,4.21149e-05
1753210800040,5.1891e-05
1753214400041,4.18026e-05
1753218000022,4.49526e-05
1753221600044,5.01453e-05
1753225200034,6.14922e-05
1753228800095,8.16324e-05
1753232400002,6.73849e-05
1753236000053,6.06153e-05
1753239600036,4.47129e-05
1753243200010,3.81105e-05
1753246800027,4.11647e-05
1753250400045,4.07273e-05
1753254000038,2.86033e-05
1753257600032,3.8852e-05
1753261200000,2.08036e-05
1753264800005,1.82223e-05
1753268400031,3.27214e-05
1753272000040,4.92105e-05
1753275600042,4.48282e-05
1753279200028,4.94084e-05
1753282800074,3.76845e-05
1753286400025,4.00027e-05
1753290000008,3.42368e-05
1753293600012,3.28703e-05
1753297200064,3.0902e-05
1753300800030,2.62304e-05
1753304400130,2.73192e-05
1753308000031,3.50724e-05
1753311600160,4.19258e-05
1753315200095,2.23701e-05
1753318800037,2.75027e-05
1753322400075,3.53384e-05
1753326000046,3.18168e-05
1753329600014,3.46653e-05
1753333200092,4.21816e-05
1753336800019,2.68035e-05
1753340400019,1.25e-05
1753344000038,1.25e-05
1753347600003,1.25e-05
1753351200089,1.25e-05
1753354800129,1.25e-05
1753358400037,1.25e-05
1753362000002,1.25e-05
1753365600042,1.25e-05
1753369200042,1.25e-05
1753372800052,3.33012e-05
1753376400014,1.91349e-05
1753380000002,2.65088e-05
1753383600088,2.18269e-05
1753387200002,1.71387e-05
1753390800031,2.47742e-05
1753394400027,2.78071e-05
1753398000058,2.1179e-05
1753401600065,1.25e-05
1753405200053,1.25e-05
1753408800083,1.8732e-05
1753412400036,3.34427e-05
1753416000024,1.6055e-05
1753419600001,6.56338e-05
1753423200046,6.35811e-05
1753426800040,7.69975e-05
1753430400008,7.51558e-05
1753434000020,0.0001017221
1753437600059,5.14612e-05
1753441200079,2.87923e-05
1753444800102,1.4972e-05
1753448400046,1.25e-05
1753452000044,1.78764e-05
1753455600034,3.11662e-05
1753459200001,4.59251e-05
1753462800079,2.9571e-05
1753466400035,1.25e-05
1753470000033,1.63851e-05
1753473600048,1.25e-05
1753477200057,1.88189e-05
1753480800018,3.38657e-05
1753484400084,5.99605e-05
1753488000011,4.97065e-05
1753491600016,3.55666e-05
1753495200029,3.03944e-05
1753498800027,3.09605e-05
1753502400029,2.00894e-05
1753506000023,1.25e-05
1753509600010,2.11384e-05
1753513200009,2.9458e-05
1753516800025,3.67248e-05
1753520400022,3.14394e-05
1753524000059,3.00119e-05
1753527600089,4.13062e-05
1753531200004,3.26121e-05
1753534800022,2.76145e-05
1753538400073,2.97584e-05
1753542000080,3.36586e-05
1753545600079,2.89349e-05
1753549200029,2.32867e-05
1753552800056,1.30435e-05
1753556400108,1.25e-05
1753560000008,1.25e-05
1753563600005,1.25e-05
1753567200060,1.25e-05
1753570800015,1.25e-05
1753574400031,1.25e-05
1753578000021,1.25e-05
1753581600070,1.25e-05
1753585200098,1.25e-05
1753588800054,1.25e-05
1753592400110,1.25e-05
1753596000034,1.43494e-05
1753599600102,2.02332e-05
1753603200018,2.64255e-05
1753606800043,3.03198e-05
1753610400000,3.42872e-05
1753614000053,1.25e-05
1753617710963,1.25e-05
1753621200023,1.25e-05
1753624800089,1.25e-05
1753628400048,1.25e-05
1753632000011,1.25e-05
1753635600039,1.66022e-05
1753639200049,1.25e-05
1753642800022,2.38635e-05
1753646400024,2.29554e-05
1753650000032,3.04529e-05
1753653600039,2.94257e-05
1753657200007,2.51245e-05
1753660800002,2.38727e-05
1753664400040,2.80518e-05
1753668000020,3.01888e-05
1753671600081,3.8904e-05
1753675200083,3.38686e-05
1753678800036,3.22122e-05
1753682400019,3.27022e-05
1753686000076,3.02324e-05
1753689600015,2.21544e-05
1753693200019,2.00205e-05
1753696800094,2.30907e-05
1753700400039,2.25414e-05
1753704000092,1.25e-05
1753707600044,1.86467e-05
1753711200059,2.16487e-05
1753714800016,3.13354e-05
1753718400035,3.65177e-05
1753722000093,2.84235e-05
1753725600053,2.17855e-05
1753729200045,2.79166e-05
1753732800000,2.5009e-05
1753736400045,1.25e-05
1753740000075,2.09009e-05
1753743600040,1.25e-05
1753747200010,1.25e-05
1753750800006,1.25e-05
1753754400062,1.25e-05
1753758000042,1.25e-05
1753761600100,1.25e-05
1753765200019,1.25e-05
1753768800030,1.25e-05
1753772400023,1.25e-05
1753776000091,1.25e-05
1753779600031,1.25e-05
1753783200004,1.25e-05
1753786800051,1.25e-05
1753790400011,1.25e-05
1753794000030,1.25e-05
1753797600116,1.25e-05
1753801200002,1.25e-05
1753804800028,1.44137e-05
1753808400081,1.25e-05
1753812000025,1.93992e-05
1753815600057,2.25068e-05
1753819200076,2.40956e-05
1753822800012,1.25e-05
1753826400032,1.25e-05
1753830000024,1.25e-05
1753833600077,1.25e-05
1753837200135,1.25e-05
1753840800023,1.25e-05
1753844400084,1.25e-05
1753848000005,1.25e-05
1753851600063,1.25e-05
1753855200083,1.25e-05
1753858800127,1.25e-05
1753862400004,1.25e-05
1753866000005,1.25e-05
1753869600028,1.25e-05
1753873200002,1.25e-05
1753876800028,1.25e-05
1753880400007,1.25e-05
1753884000002,1.25e-05
1753887600032,1.25e-05
1753891200056,1.25e-05
1753894800004,1.25e-05
1753898400055,1.25e-05
1753902000204,1.25e-05
1753905600062,2.05406e-05
1753909200032,1.32315e-05
1753912800012,2.25876e-05
1753916400031,1.25e-05
1753920000006,1.61078e-05
1753923600088,1.82862e-05
1753927200008,1.67072e-05
1753930800055,2.51246e-05
1753934400078,3.70429e-05
1753938000022,3.92285e-05
1753941600000,2.78833e-05
1753945200020,2.08634e-05
1753948800000,2.29754e-05
1753952400062,1.66051e-05
1753956000053,1.49544e-05
1753959600074,1.43059e-05
1753963200010,1.25e-05
1753966800015,1.25e-05
1753970400079,1.25e-05
1753974000032,1.25e-05
1753977600007,1.25e-05
1753981200011,1.25e-05
1753984800043,1.25e-05
1753988400083,1.25e-05
1753992000073,1.25e-05
1753995600064,1.25e-05
1753999200021,1.25e-05
1754002800039,1.25e-05
1754006400147,1.25e-05
1754010000032,6.3735e-06
1754013600070,1.25e-05
1754017200066,1.25e-05
1754020800005,1.25e-05
1754024400027,1.25e-05
1754028000131,1.25e-05
1754031600000,1.25e-05
1754035200011,6.9365e-06
1754038800088,1.25e-05
1754042400080,1.25e-05
1754046000066,1.0621e-05
1754049600031,1.25e-05
1754053200022,1.25e-05
1754056800014,8.2891e-06
1754060400130,1.25e-05
1754064000066,1.25e-05
1754067600007,1.25e-05
1754071200060,1.25e-05
1754074800069,6.4853e-06
1754078400098,-5.1628e-06
1754082000042,-2.6679e-06
1754085600025,9.0683e-06
1754089200031,-1.26583e-05
1754092800114,-1.39771e-05
1754096400085,-8.8439e-06
1754100000003,-8.0919e-06
1754103600057,-3.2618e-06
1754107200089,3.9576e-06
1754110800069,9.2688e-06
1754114400031,1.25e-05
1754118000008,1.25e-05
1754121600023,4.7644e-06
1754125200063,4.7621e-06
1754128800003,1.02361e-05
1754132400056,4.6493e-06
1754136000063,1.25e-05
1754139600091,1.25e-05
1754143200071,1.25e-05
1754146800072,1.25e-05
1754150400020,1.25e-05
1754154000020,9.9736e-06
1754157600008,2.3958e-06
1754161200067,-8.2254e-06
1754164800108,3.3561e-06
1754168400097,-2.546e-07
1754172000022,2.5759e-06
1754175600067,1.25e-05
1754179200042,1.25e-05
1754182800041,1.09576e-05
1754186400014,6.5528e-06
1754190000093,6.6867e-06
1754193600015,1.25e-05
1754197200001,1.25e-05
1754200800003,1.25e-05
1754204400030,1.25e-05
1754208000003,1.23023e-05
1754211600023,1.3243e-06
1754215200010,-6.6485e-06
1754218800046,-7.5937e-06
1754222400054,-7.669e-07
1754226000076,9.14e-07
1754229600004,7.4984e-06
1754233200031,-4.428e-06
1754236800038,-1.07276e-05
1754240400031,-2.6574e-06
1754244000030,7.0918e-06
1754247600098,1.25e-05
1754251200063,1.25e-05
1754254800034,1.25e-05
1754258400022,1.25e-05
1754262000049,1.25e-05
1754265600043,1.25e-05
1754269200018,1.25e-05
1754272800096,1.25e-05
1754276400059,1.25e-05
1754280000050,1.25e-05
1754283600090,9.0147e-06
1754287200014,7.7923e-06
1754290800068,1.25e-05
1754294400003,1.25e-05
1754298000057,1.07191e-05
1754301600088,2.1185e-06
1754305200043,-3.1771e-06
1754308800052,-1.8163e-06
1754312400050,-2.1222e-06
1754316000012,9.2811e-06
1754319600108,1.25e-05
1754323200044,1.25e-05
1754326800026,1.25e-05
1754330400067,1.25e-05
1754334000039,1.16679e-05
1754337600016,6.501e-06
1754341200054,1.25e-05
1754344800040,1.25e-05
1754348400022,1.25e-05
1754352000043,1.25e-05
1754355600041,1.25e-05
1754359200040,1.25e-05
1754362800061,1.25e-05
1754366400022,1.25e-05
1754370000013,1.25e-05
1754373600020,1.25e-05
1754377200040,1.25e-05
1754380800035,1.25e-05
1754384400045,1.25e-05
1754388000031,1.25e-05
1754391600030,1.25e-05
1754395200008,1.25e-05
1754398800107,1.21415e-05
1754402400009,1.5818e-06
1754406000004,-1.4891e-05
1754409600057,-1.1109e-05
1754413200026,-3.325e-07
1754416800035,2.9388e-06
1754420400065,5.254e-07
1754424000018,-1.3861e-06
1754427600035,-5.5074e-06
1754431200056,-9.1368e-06
1754434800103,-1.11297e-05
1754438400012,-4.4265e-06
1754442000007,-9.9178e-06
1754445600028,-1.20657e-05
1754449200078,1.6461e-06
1754452800091,9.8285e-06
1754456400037,1.25e-05
1754460000000,1.25e-05
1754463600075,3.9619e-06
1754467200003,5.739e-07
1754470800076,8.4519e-06
1754474400000,1.25e-05
1754478000082,1.0291e-05
1754481600023,1.25e-05
1754485200035,1.21268e-05
1754488800024,1.25e-05
1754492400129,1.25e-05
1754496000020,1.25e-05
1754499600013,1.25e-05
1754503200059,1.25e-05
1754506800036,1.25e-05
1754510400038,1.25e-05
1754514000059,1.25e-05
1754517600081,1.25e-05
1754521200058,1.25e-05
1754524800047,1.25e-05
1754528400057,1.25e-05
1754532000010,1.25e-05
1754535600047,1.25e-05
1754539200080,1.25e-05
1754542800009,1.25e-05
1754546400009,1.25e-05
1754550000016,1.25e-05
1754553600038,1.25e-05
1754557200062,1.25e-05
1754560800048,1.25e-05
1754564400030,1.25e-05
1754568000046,1.25e-05
1754571600018,1.25e-05
1754575200006,1.25e-05
1754578800003,1.25e-05
1754582400189,1.25e-05
1754586000004,1.25e-05
1754589600048,1.25e-05
1754593200009,1.25e-05
1754596800067,1.25e-05
1754600400017,1.25e-05
1754604000009,1.25e-05
1754607600093,1.25e-05
1754611200085,1.25e-05
1754614800087,1.25e-05
1754618400026,1.25e-05
1754622000014,1.25e-05
1754625600134,1.25e-05
1754629200021,1.25e-05
1754632800017,1.25e-05
1754636400030,1.25e-05
1754640000026,1.25e-05
1754643600018,1.25e-05
1754647200089,1.25e-05
1754650800040,1.25e-05
1754654400029,1.25e-05
1754658000036,1.25e-05
1754661600020,1.25e-05
1754665200051,1.25e-05
1754668800048,1.25e-05
1754672400027,1.25e-05
1754676000051,1.25e-05
1754679600035,1.25e-05
1754683200119,1.25e-05
1754686800023,1.25e-05
1754690400028,1.25e-05
1754694000147,1.25e-05
1754697600074,1.25e-05
1754701200010,1.25e-05
1754704800079,1.25e-05
1754708400024,1.25e-05
1754712000113,1.25e-05
1754715600055,1.25e-05
1754719200128,1.25e-05
1754722800015,1.25e-05
1754726400007,1.25e-05
1754730000046,1.25e-05
1754733600016,1.25e-05
1754737200089,1.25e-05
1754740800041,1.25e-05
1754744400036,1.25e-05
1754748000122,1.25e-05
1754751600019,1.25e-05
1754755200063,1.25e-05
1754758800058,1.25e-05
1754762400011,1.25e-05
1754766000004,1.25e-05
1754769600019,1.93887e-05
1754773200064,1.89997e-05
1754776800026,2.21912e-05
1754780400051,2.90856e-05
1754784000019,2.01307e-05
1754787600009,2.04332e-05
1754791200003,2.62258e-05
1754794800062,2.42881e-05
1754798400065,1.98933e-05
1754802000047,1.25e-05
1754805600074,1.25e-05
1754809200076,1.25e-05
1754812800041,1.25e-05
1754816400000,1.25e-05
1754820000103,1.25e-05
1754823600045,1.25e-05
1754827200056,1.25e-05
1754830800037,1.25e-05
1754834400065,1.25e-05
1754838000055,1.25e-05
1754841600021,1.25e-05
1754845200069,1.25e-05
1754848800013,1.25e-05
1754852400006,1.25e-05
1754856000046,1.3028e-05
1754859600030,1.25e-05
1754863200043,1.25e-05
1754866800000,1.25274e-05
1754870400066,1.5874e-05
1754874000057,2.06005e-05
1754877600095,2.80878e-05
1754881200035,1.29149e-05
1754884800030,1.25e-05
1754888400046,1.25e-05
1754892000128,1.25e-05
1754895600048,1.25e-05
1754899200067,1.25e-05
1754902800041,1.25e-05
1754906400086,1.25e-05
1754910000097,1.25e-05
1754913600001,1.25e-05
1754917200051,1.25e-05
1754920800081,1.25e-05
1754924400027,1.25287e-05
1754928000028,2.6047e-05
1754931600048,2.84705e-05
1754935200053,1.25e-05
1754938800036,1.25e-05
1754942400069,1.25e-05
1754946000002,1.25e-05
1754949600040,1.25e-05
1754953200235,1.25e-05
1754956800042,1.25e-05
1754960400026,1.25e-05
1754964000014,1.25e-05
1754967600071,1.25e-05
1754971200035,1.25e-05
1754974800027,1.25e-05
1754978400053,1.25e-05
1754982000071,1.25e-05
1754985600000,1.25e-05
1754989200002,1.25e-05
1754992800006,1.25e-05
1754996400025,1.25e-05
1755000000004,1.25e-05
1755003600001,1.25e-05
1755007200007,1.25e-05
1755010800046,2.38496e-05
1755014400075,2.16901e-05
1755018000079,1.25e-05
1755021600083,1.25e-05
1755025200035,1.25e-05
1755028800035,1.25e-05
1755032400033,1.25e-05
1755036000003,1.2777e-05
1755039600011,1.25e-05
1755043200076,3.26882e-05
1755046800016,3.26289e-05
1755050400053,2.40566e-05
1755054000057,2.67397e-05
1755057600064,3.43149e-05
1755061200046,3.52728e-05
1755064800002,3.08004e-05
1755068400074,2.88303e-05
1755072000056,3.63641e-05
1755075600072,3.66769e-05
1755079200042,3.96747e-05
1755082800017,5.4208e-05
1755086400081,5.91846e-05
1755090000102,4.40633e-05
1755093600064,5.05187e-05
1755097200047,4.00204e-05
1755100800015,3.19854e-05
1755104400107,3.58229e-05
1755108000023,3.09612e-05
1755111600044,2.84442e-05
1755115200078,2.81538e-05
1755118800041,5.362e-05
1755122400058,5.55606e-05
1755126000029,6.11714e-05
1755129600010,6.97422e-05
1755133200037,5.44091e-05
1755136800054,4.28302e-05
1755140400124,5.84292e-05
1755144000056,5.70024e-05
1755147600019,5.48776e-05
1755151200051,4.20643e-05
1755154800027,4.19225e-05
1755158400062,3.24999e-05
1755162000021,1.76033e-05
1755165600053,2.03537e-05
1755169200034,1.57115e-05
1755172800023,1.80285e-05
1755176400024,1.25e-05
1755180000014,1.25e-05
1755183600068,3.82203e-05
1755187200096,2.59042e-05
1755190800024,1.5774e-05
1755194400017,1.25e-05
1755198000019,1.25e-05
1755201600020,1.25e-05
1755205200045,1.25e-05
1755208800024,1.25e-05
1755212400015,1.25e-05
1755216000002,1.25e-05
1755219600056,1.25e-05
1755223200014,1.25e-05
1755226800001,1.25e-05
1755230400027,1.25e-05
1755234000012,1.25e-05
1755237600059,1.25e-05
1755241200037,1.25e-05
1755244800049,1.25e-05
1755248400050,1.25e-05
1755252000045,1.25e-05
1755255600075,1.25e-05
1755259200052,1.25e-05
1755262800051,1.25e-05
1755266400001,1.25e-05
1755270000024,1.25e-05
1755273600126,1.25e-05
1755277200016,1.25e-05
1755280800108,1.25e-05
1755284400027,1.25e-05
1755288000002,1.25e-05
1755291600050,1.25e-05
1755295200104,1.25e-05
1755298800066,1.25e-05
1755302400072,1.25e-05
1755306000090,1.25e-05
1755309600025,1.25e-05
1755313200023,1.25e-05
1755316800052,1.25e-05
1755320400054,1.25e-05
1755324000022,1.25e-05
1755327600056,1.25e-05
1755331200063,1.25e-05
1755334800018,1.25e-05
1755338400041,1.25e-05
1755342000002,1.25e-05
1755345600003,1.25e-05
1755349200015,1.25e-05
1755352800077,1.25e-05
1755356400033,1.25e-05
1755360000062,1.25e-05
1755363600100,1.25e-05
1755367200083,1.25e-05
1755370800029,1.25e-05
1755374400057,1.25e-05
1755378000087,1.25e-05
1755381600008,1.25e-05
1755385200032,1.25e-05
1755388800009,1.25e-05
1755392400035,1.25e-05
1755396000027,1.25e-05
1755399600063,1.25e-05
1755403200056,1.25e-05
1755406800032,1.25e-05
1755410400005,1.25e-05
1755414000057,1.25e-05
1755417600000,1.25e-05
1755421200031,1.25e-05
1755424800003,1.25e-05
1755428400031,1.25e-05
1755432000021,1.25e-05
1755435600041,1.25e-05
1755439200027,1.25e-05
1755442800074,1.25e-05
1755446400075,1.25e-05
1755450000040,1.25e-05
1755453600079,1.25e-05
1755457200025,1.25e-05
1755460800069,1.25e-05
1755464400033,1.25e-05
1755468000131,1.25e-05
1755471600028,1.25e-05
1755475200021,1.25e-05
1755478800025,1.25e-05
1755482400040,1.25e-05
1755486000029,1.25e-05
1755489600023,1.25e-05
1755493200020,1.25e-05
1755496800047,1.25e-05
1755500400028,1.25e-05
1755504000021,-6.982e-07
1755507600064,1.1208e-06
1755511200044,-3.3467e-06
1755514800119,5.0912e-06
1755518400047,1.02241e-05
1755522000008,1.25e-05
1755525600062,1.25e-05
1755529200022,1.25e-05
1755532800022,1.25e-05
1755536400015,1.25e-05
1755540000012,1.00309e-05
1755543600017,-3.0562e-06
1755547200038,-4.5494e-06
1755550800014,-7.558e-06
1755554400013,-2.65e-08
1755558000018,-1.63668e-05
1755561600045,-1.29197e-05
1755565200056,1.7259e-06
1755568800000,-5.2074e-06
1755572400074,-7.2834e-06
1755576000017,-1.41448e-05
1755579600053,-1.06214e-05
1755583200008,-2.8734e-06
1755586800084,-1.4977e-05
1755590400026,-1.0858e-06
1755594000011,6.0565e-06
1755597600045,1.25e-05
1755601200033,1.25e-05
1755604800041,1.25e-05
1755608400045,9.2217e-06
1755612000034,5.2082e-06
1755615600115,-2.095e-06
1755619200039,4.299e-07
1755622800097,1.21347e-05
1755626400008,1.25e-05
1755630000053,1.25e-05
1755633600022,1.25e-05
1755637200014,1.25e-05
1755640800074,1.25e-05
1755644400055,1.25e-05
1755648000079,1.25e-05
1755651600112,1.25e-05
1755655200078,8.1615e-06
1755658800135,1.25e-05
1755662400060,1.25e-05
1755666000009,1.25e-05
1755669600038,1.25e-05
1755673200071,1.25e-05
1755676800015,1.25e-05
1755680400037,1.25e-05
1755684000059,1.25e-05
1755687600037,1.25e-05
1755691200013,1.25e-05
1755694800086,1.25e-05
1755698400069,3.831e-06
1755702000032,1.25e-05
1755705600010,1.25e-05
1755709200016,1.25e-05
1755712800056,1.25e-05
1755716400043,1.25e-05
1755720000054,1.25e-05
1755723600022,1.25e-05
1755727200041,1.25e-05
1755730800033,1.25e-05
1755734400042,1.25e-05
1755738000037,1.25e-05
1755741600005,1.25e-05
1755745200002,1.25e-05
1755748800072,1.25e-05
1755752400055,1.25e-05
1755756000012,1.25e-05
1755759600045,1.25e-05
1755763200024,1.25e-05
1755766800023,1.25e-05
1755770400049,1.25e-05
1755774000143,1.25e-05
1755777600017,1.25e-05
1755781200007,4.8147e-06
1755784800025,1.25e-05
1755788400129,1.25e-05
1755792000000,1.25e-05
1755795600027,1.25e-05
1755799200061,1.25e-05
1755802800003,1.25e-05
1755806400078,1.25e-05
1755810000064,2.7492e-06
1755813600060,1.25e-05
1755817200094,1.25e-05
1755820800030,7.7492e-06
1755824400028,1.25e-05
1755828000030,1.25e-05
1755831600069,1.25e-05
1755835200019,1.25e-05
1755838800046,1.25e-05
1755842400028,1.25e-05
1755846000045,1.25e-05
1755849600018,1.25e-05
1755853200018,1.25e-05
1755856800030,1.25e-05
1755860400061,1.25e-05
1755864000031,1.25e-05
1755867600024,1.25e-05
1755871200108,1.25e-05
1755874800054,1.25e-05
1755878400054,1.25e-05
1755882000044,1.25e-05
1755885600040,1.25e-05
1755889200075,1.25e-05
1755892800061,1.25e-05
1755896400047,1.25e-05
1755900000013,1.25e-05
1755903600007,1.25e-05
1755907200003,1.25e-05
1755910800002,1.25e-05
1755914400060,1.25e-05
1755918000010,1.25e-05
1755921600105,1.25e-05
1755925200022,1.25e-05
1755928800009,1.25e-05
1755932400060,1.25e-05
1755936000028,1.25e-05
1755939600097,1.25e-05
1755943200054,1.25e-05
1755946800030,1.25e-05
1755950400000,1.25e-05
1755954000045,1.25e-05
1755957600118,1.25e-05
1755961200004,1.25e-05
1755964800020,1.25e-05
1755968400049,2.9353e-05
1755972000015,4.0714e-05
1755975600114,2.40674e-05
1755979200039,2.39168e-05
1755982800051,2.62352e-05
1755986400004,1.74695e-05
1755990000056,1.25e-05
1755993600106,1.25e-05
1755997200020,1.25e-05
1756000800011,1.25e-05
1756004400062,1.25e-05
1756008000106,1.25e-05
1756011600067,1.25e-05
1756015200048,1.25e-05
1756018800035,1.25e-05
1756022400013,1.25e-05
1756026000085,1.25e-05
1756029600063,1.74204e-05
1756033200005,1.25e-05
1756036800032,1.25e-05
1756040400016,1.25e-05
1756044000080,1.91751e-05
1756047600134,3.73551e-05
1756051200002,3.41291e-05
1756054800033,4.48798e-05
1756058400022,4.40292e-05
1756062000001,3.23979e-05
1756065600031,3.59195e-05
1756069200044,5.03497e-05
1756072800011,6.31792e-05
1756076400027,4.3901e-05
1756080000013,4.06693e-05
1756083600011,3.51709e-05
1756087200052,3.05578e-05
1756090800004,4.27837e-05
1756094400108,3.27893e-05
1756098000004,2.40627e-05
1756101600015,1.82458e-05
1756105200034,1.25e-05
1756108800114,1.25e-05
1756112400033,1.25e-05
1756116000041,1.25e-05
1756119600032,1.25e-05
1756123200096,1.25e-05
1756126800016,1.25e-05
1756130400037,1.25e-05
1756134000015,1.25e-05
1756137600012,1.25e-05
1756141200052,1.25e-05
1756144800007,1.25e-05
1756148400022,1.25e-05
1756152000020,1.25e-05
1756155600010,1.25e-05
1756159200055,1.25e-05
1756162800001,1.25e-05
1756166400014,1.25e-05
1756170000113,1.25e-05
1756173600071,1.25e-05
1756177200015,1.25e-05
1756180800028,1.25e-05
1756184400040,1.25e-05
1756188000057,1.25e-05
1756191600019,1.25e-05
1756195200064,1.25e-05
1756198800004,1.25e-05
1756202400030,1.25e-05
1756206000022,1.25e-05
1756209600035,1.25e-05
1756213200037,1.25e-05
1756216800066,1.25e-05
1756220400014,1.25e-05
1756224000012,1.25e-05
1756227600007,1.25e-05
1756231200007,1.25e-05
1756234800043,1.25e-05
1756238400070,1.25e-05
1756242000075,1.25e-05
1756245600039,1.25e-05
1756249200041,1.25e-05
1756252800041,1.25e-05
1756256400031,1.25e-05
1756260000003,1.25e-05
1756263600089,1.25e-05
1756267200034,1.25e-05
1756270800007,1.25e-05
1756274400039,1.25e-05
1756278000078,1.25e-05
1756281600036,1.25e-05
1756285200115,1.25e-05
1756288800019,1.25e-05
1756292400125,1.25e-05
1756296000017,1.25e-05
1756299600019,1.25e-05
1756303200027,1.25e-05
1756306800011,1.25e-05
1756310400027,1.25e-05
1756314000090,1.25e-05
1756317600134,1.25e-05
1756321200170,1.25e-05
1756324800072,1.25e-05
1756328400118,1.65882e-05
1756332000060,1.25e-05
1756335600044,1.25e-05
1756339200044,1.25e-05
1756342800048,1.25e-05
1756346400051,1.25e-05
1756350000069,1.25e-05
1756353600041,1.25e-05
1756357200033,1.25e-05
1756360800038,1.25e-05
1756364400082,1.25e-05
1756368000011,1.25e-05
1756371600075,1.25e-05
1756375200095,1.25e-05
1756378800015,1.25e-05
1756382400101,1.25e-05
1756386000111,1.25e-05
1756389600008,1.25e-05
1756393200018,1.25e-05
1756396800003,1.25e-05
1756400400039,1.25e-05
1756404000035,1.25e-05
1756407600019,1.25e-05
1756411200054,1.25e-05
1756414800008,1.25e-05
1756418400108,1.25e-05
1756422000020,1.25e-05
1756425600041,1.25e-05
1756429200006,1.25e-05
1756432800089,1.25e-05
1756436400012,1.25e-05
1756440000104,1.25e-05
1756443600033,1.25e-05
1756447200004,1.25e-05
1756450800036,1.25e-05
1756454400080,1.25e-05
1756458000012,1.25e-05
1756461600048,1.25e-05
1756465200033,1.25e-05
1756468800072,1.25e-05
1756472400007,1.25e-05
1756476000029,1.25e-05
1756479600021,1.25e-05
1756483200052,1.25e-05
1756486800064,1.25e-05
1756490400060,1.25e-05
1756494000060,1.25e-05
1756497600059,1.25e-05
1756501200093,1.25e-05
1756504800000,5.6634e-06
1756508400004,4.0473e-06
1756512000046,8.0793e-06
1756515600066,7.3633e-06
1756519200038,1.6543e-06
1756522800046,-1.50485e-05
1756526400038,-2.35435e-05
1756530000007,-2.78266e-05
1756533600022,-1.24049e-05
1756537200005,2.3805e-06
1756540800065,7.9896e-06
1756544400093,1.25e-05
1756548000028,1.25e-05
1756551600032,1.25e-05
1756555200089,1.25e-05
1756558800007,1.25e-05
1756562400025,1.25e-05
1756566000056,1.25e-05
1756569600064,1.25e-05
1756573200004,1.25e-05
1756576800037,1.25e-05
1756580400034,1.25e-05
1756584000093,1.25e-05
1756587600062,1.25e-05
1756591200053,1.25e-05
1756594800054,1.25e-05
1756598400044,1.25e-05
1756602000099,1.25e-05
1756605600042,1.25e-05
1756609200007,1.25e-05
1756612800021,1.25e-05
1756616400023,1.25e-05
1756620000063,1.25e-05
1756623600078,1.25e-05
1756627200011,1.25e-05
1756630800012,1.25e-05
1756634400076,1.25e-05
1756638000006,1.25e-05
1756641600113,1.25e-05
1756645200000,1.25e-05
1756648800013,1.25e-05
1756652400120,1.25e-05
1756656000054,1.25e-05
1756659600083,1.25e-05
1756663200050,1.25e-05
1756666800032,1.25e-05
1756670400032,1.25e-05
1756674000023,1.25e-05
1756677600012,1.25e-05
1756681200092,1.25e-05
1756684800052,1.25e-05
1756688400072,1.25e-05
1756692000006,1.25e-05
1756695600049,1.25e-05
1756699200101,1.25e-05
1756702800020,1.25e-05
1756706400041,1.25e-05
1756710000022,1.25e-05
1756713600004,1.25e-05
1756717200003,1.25e-05
1756720800070,1.25e-05
1756724400068,1.25e-05
1756728000044,1.25e-05
1756731600042,1.25e-05
1756735200012,1.25e-05
1756738800082,1.25e-05
1756742400053,1.25e-05
1756746000015,1.25e-05
1756749600044,1.25e-05
1756753200060,1.25e-05
1756756800028,1.25e-05
1756760400004,1.25e-05
1756764000113,1.25e-05
1756767600020,1.25e-05
1756771200036,1.25e-05
1756774800088,1.25e-05
1756778400040,1.25e-05
1756782000001,1.25e-05
1756785600034,1.25e-05
1756789200050,1.25e-05
1756792800017,1.25e-05
1756796400049,1.25e-05
1756800000022,1.25e-05
1756803600010,1.25e-05
1756807200151,1.25e-05
1756810800029,1.25e-05
1756814400112,1.25e-05
1756818000004,1.12704e-05
1756821600109,1.25e-05
1756825200008,1.25e-05
1756828800032,1.25e-05
1756832400026,1.25e-05
1756836000007,1.25e-05
1756839600039,1.25e-05
1756843200024,1.25e-05
1756846800004,1.25e-05
1756850400007,1.25e-05
1756854000077,1.25e-05
1756857600031,1.25e-05
1756861200093,1.25e-05
1756864800034,1.25e-05
1756868400030,1.25e-05
1756872000124,1.25e-05
1756875600070,1.25e-05
1756879200133,1.25e-05
1756882800014,1.25e-05
1756886400027,1.25e-05
1756890000004,1.25e-05
1756893600060,1.25e-05
1756897200049,1.25e-05
1756900800065,1.25e-05
1756904400112,1.25e-05
1756908000000,1.25e-05
1756911600004,1.25e-05
1756915200033,1.25e-05
1756918800020,1.25e-05
1756922400022,1.25e-05
1756926000050,1.25e-05
1756929600026,1.25e-05
1756933200045,1.25e-05
1756936800068,1.25e-05
1756940400003,1.25e-05
1756944000040,1.25e-05
1756947600102,1.25e-05
1756951200043,1.25e-05
1756954800079,1.25e-05
1756958400071,1.25e-05
1756962000045,1.25e-05
1756965600083,1.25e-05
1756969200001,1.25e-05
1756972800113,1.25e-05
1756976400009,1.25e-05
1756980000025,1.25e-05
1756983600053,1.25e-05
1756987200054,1.25e-05
1756990800002,1.25e-05
1756994400027,1.25e-05
1756998000020,1.25e-05
1757001600017,1.25e-05
1757005200069,1.25e-05
1757008800021,1.25e-05
1757012400011,1.25e-05
1757016000153,1.25e-05
1757019600049,1.25e-05
1757023200027,1.25e-05
1757026800064,1.25e-05
1757030400006,1.25e-05
1757034000090,1.25e-05
1757037600099,1.25e-05
1757041200072,1.25e-05
1757044800056,1.25e-05
1757048400047,1.25e-05
1757052000009,1.25e-05
1757055600040,1.25e-05
1757059200028,1.25e-05
1757062800004,1.25e-05
1757066400019,1.25e-05
1757070000030,1.25e-05
1757073600063,1.25e-05
1757077200068,1.25e-05
1757080800038,1.25e-05
1757084400008,1.25e-05
1757088000036,1.25e-05
1757091600023,1.25e-05
1757095200028,1.25e-05
1757098800019,1.25e-05
1757102400042,1.25e-05
1757106000060,1.25e-05
1757109600051,1.25e-05
1757113200048,1.25e-05
1757116800039,1.25e-05
1757120400038,1.25e-05
1757124000059,1.25e-05
1757127600115,1.25e-05
1757131200023,1.25e-05
1757134800035,1.25e-05
1757138400078,1.25e-05
1757142000086,1.25e-05
1757145600027,1.25e-05
1757149200002,1.25e-05
1757152800007,1.25e-05
1757156400064,1.25e-05
1757160000068,1.25e-05
1757163600087,1.25e-05
1757167200047,1.25e-05
1757170800032,1.25e-05
1757174400060,1.25e-05
1757178000102,1.25e-05
1757181600014,1.25e-05
1757185200075,1.25e-05
1757188800002,5.5718e-06
1757192400008,9.3303e-06
1757196000026,7.9906e-06
1757199600056,4.9015e-06
1757203200012,7.2091e-06
1757206800027,1.03026e-05
1757210400006,1.25e-05
1757214000048,1.01603e-05
1757217600054,1.25e-05
1757221200006,8.9901e-06
1757224800121,1.16211e-05
1757228400062,1.24525e-05
1757232000034,1.25e-05
1757235600039,1.25e-05
1757239200001,1.25e-05
1757242800055,1.25e-05
1757246400020,1.25e-05
1757250000003,1.00209e-05
1757253600011,8.2429e-06
1757257200109,1.1386e-06
1757260800046,1.08461e-05
1757264400034,1.03211e-05
1757268000050,9.4764e-06
1757271600022,1.01717e-05
1757275200102,1.25e-05
1757278800013,1.25e-05
1757282400031,1.25e-05
1757286000036,1.25e-05
1757289600089,1.25e-05
1757293200000,1.25e-05
1757296800018,1.25e-05
1757300400054,1.25e-05
1757304000002,1.25e-05
1757307600116,1.7691e-06
1757311200061,3.3566e-06
1757314800040,1.7056e-06
1757318400066,9.2798e-06
1757322000092,1.25e-05
1757325600019,1.25e-05
1757329200029,1.25e-05
1757332800030,1.25e-05
1757336400100,1.25e-05
1757340000016,1.25e-05
1757343600068,1.25e-05
1757347200050,1.25e-05
1757350800111,1.25e-05
1757354400057,1.25e-05
1757358000010,1.25e-05
1757361600073,1.25e-05
1757365200040,1.25e-05
1757368800039,1.25e-05
1757372400057,1.25e-05
1757376000071,1.25e-05
1757379600055,1.25e-05
1757383200059,1.25e-05
1757386800047,1.25e-05
1757390400039,1.25e-05
1757394000039,1.25e-05
1757397600110,1.25e-05
1757401200007,1.25e-05
1757404800017,1.25e-05
1757408400038,1.25e-05
1757412000059,1.25e-05
1757415600047,1.25e-05
1757419200031,1.25e-05
1757422800048,1.25e-05
1757426400019,1.25e-05
1757430000041,1.25e-05
1757433600051,1.25e-05
1757437200032,1.25e-05
1757440800037,1.25e-05
1757444400034,1.25e-05
1757448000054,1.25e-05
1757451600029,1.25e-05
1757455200044,1.25e-05
1757458800000,1.25e-05
1757462400029,1.25e-05
1757466000014,1.25e-05
1757469600014,1.25e-05
1757473200037,1.25e-05
1757476800083,1.25e-05
1757480400009,1.25e-05
1757484000097,1.25e-05
1757487600063,1.25e-05
1757491200058,1.25e-05
1757494800087,1.25e-05
1757498400038,1.25e-05
1757502000127,1.25e-05
1757505600084,1.25e-05
1757509200100,1.25e-05
1757512800042,1.25e-05
1757516400099,1.25e-05
1757520000044,1.25e-05
1757523600005,1.25e-05
1757527200032,1.25e-05
1757530800003,1.25e-05
1757534400050,1.25e-05
1757538000008,1.25e-05
1757541600018,1.25e-05
1757545200009,1.25e-05
1757548800090,1.25e-05
1757552400051,1.25e-05
1757556000011,1.25e-05
1757559600096,1.25e-05
1757563200016,1.25e-05
1757566800032,1.25e-05
1757570400077,1.25e-05
1757574000052,1.25e-05
1757577600065,1.25e-05
1757581200055,1.25e-05
1757584800014,1.25e-05
1757588400002,1.25e-05
1757592000045,1.25e-05
1757595600020,1.25e-05
1757599200059,1.25e-05
1757602800142,1.25e-05
1757606400001,1.25e-05
1757610000077,1.25e-05
1757613600082,1.25e-05
1757617200007,1.25e-05
1757620800007,1.25e-05
1757624400078,1.25e-05
1757628000029,1.25e-05
1757631600037,1.25e-05
1757635200055,1.25e-05
1757638800004,1.25e-05
1757642400060,1.25e-05
1757646000053,1.25e-05
1757649600037,1.25e-05
1757653200006,1.25e-05
1757656800027,1.25e-05
1757660400044,1.25e-05
1757664000005,1.25e-05
1757667600066,1.25e-05
1757671200100,1.25e-05
1757674800040,1.25e-05
1757678400062,1.25e-05
1757682000062,1.25e-05
1757685600038,1.25e-05
1757689200048,1.25e-05
1757692800064,1.25e-05
1757696400018,1.25e-05
1757700000026,1.25e-05
1757703600066,1.25e-05
1757707200057,1.25e-05
1757710800007,1.25e-05
1757714400031,1.25e-05
1757718000007,1.25e-05
1757721600038,1.25e-05
1757725200008,1.25e-05
1757728800011,1.25e-05
1757732400107,1.25e-05
1757736000000,1.25e-05
1757739600060,1.25e-05
1757743200032,1.25e-05
1757746800040,1.25e-05
1757750400064,1.25e-05
1757754000005,1.25e-05
1757757600044,1.25e-05
1757761200042,1.25e-05
1757764800046,1.25e-05
1757768400035,1.25e-05
1757772000053,1.25e-05
1757775600013,1.25e-05
1757779200049,1.25e-05
1757782800030,1.25e-05
1757786400037,1.25e-05
1757790000042,1.25e-05
1757793600032,1.25e-05
1757797200082,1.25e-05
1757800800128,1.25e-05
1757804400121,1.25e-05
1757808000036,1.25e-05
1757811600008,1.25e-05
1757815200034,1.25e-05
1757818800007,1.25e-05
1757822400044,1.25e-05
1757826000080,1.25e-05
1757829600022,1.25e-05
1757833200026,1.25e-05
1757836800033,1.25e-05
1757840400057,1.25e-05
1757844000048,1.25e-05
1757847600030,1.25e-05
1757851200037,1.25e-05
1757854800025,1.25e-05
1757858400084,1.25e-05
1757862000078,1.25e-05
1757865600118,1.25e-05
1757869200032,1.25e-05
1757872800027,1.25e-05
1757876400060,1.25e-05
1757880000028,1.25e-05
1757883600035,1.25e-05
1757887200007,1.25e-05
1757890800009,1.25e-05
1757894400027,1.25e-05
1757898000015,1.25e-05
1757901600009,1.25e-05
1757905200066,1.25e-05
1757908800008,1.25e-05
1757912400050,1.25e-05
1757916000044,1.25e-05
1757919600013,1.25e-05
1757923200017,1.25e-05
1757926800001,1.25e-05
1757930400048,1.25e-05
1757934000076,1.25e-05
1757937600020,1.25e-05
1757941200014,1.25e-05
1757944800116,1.25e-05
1757948400031,1.25e-05
1757952000022,1.25e-05
1757955600099,1.25e-05
1757959200041,1.25e-05
1757962800063,1.25e-05
1757966400092,1.25e-05
1757970000047,1.25e-05
1757973600030,1.25e-05
1757977200060,1.25e-05
1757980800021,1.25e-05
1757984400020,1.25e-05
1757988000103,1.25e-05
1757991600020,1.25e-05
1757995200055,1.25e-05
1757998800033,1.25e-05
1758002400000,1.25e-05
1758006000117,1.25e-05
1758009600093,1.25e-05
1758013200063,1.25e-05
1758016800055,1.25e-05
1758020400005,1.25e-05
1758024000032,1.25e-05
1758027600053,1.25e-05
1758031200018,1.25e-05
1758034800026,1.25e-05
1758038400021,1.25e-05
1758042000002,1.25e-05
1758045600032,1.25e-05
1758049200049,1.25e-05
1758052800044,1.25e-05
1758056400073,1.25e-05
1758060000078,1.25e-05
1758063600027,1.25e-05
1758067200089,1.25e-05
1758070800035,1.25e-05
1758074400074,1.25e-05
1758078000013,1.25e-05
1758081600030,-1.0428e-06
1758085200084,-5.4547e-06
1758088800012,-4.4339e-06
1758092400059,1.5574e-06
1758096000061,5.0836e-06
1758099600064,4.3124e-06
1758103200017,1.25e-05
1758106800055,1.10081e-05
1758110400040,9.0989e-06
1758114000061,1.25e-05
1758117600016,1.25e-05
1758121200015,1.25e-05
1758124800001,1.25e-05
1758128400085,1.25e-05
1758132000038,1.25e-05
1758135600017,1.25e-05
1758139200076,1.25e-05
1758142800089,1.25e-05
1758146400039,1.25e-05
1758150000061,1.25e-05
1758153600010,1.25e-05
1758157200065,1.25e-05
1758160800072,1.25e-05
1758164400061,1.25e-05
1758168000067,1.25e-05
1758171600024,1.25e-05
1758175200022,1.25e-05
1758178800030,1.25e-05
1758182400017,1.25e-05
1758186000056,1.25e-05
1758189600033,1.25e-05
1758193200053,1.25e-05
1758196800068,1.25e-05
1758200400082,1.25e-05
1758204000008,1.25e-05
1758207600185,1.25e-05
1758211200048,1.25e-05
1758214800100,1.25e-05
1758218400087,1.25e-05
1758222000062,1.25e-05
1758225600010,1.25e-05
1758229200001,1.25e-05
1758232800021,1.25e-05
1758236400114,1.25e-05
1758240000070,1.25e-05
1758243600048,1.25e-05
1758247200098,1.25e-05
1758250800047,1.25e-05
1758254400064,1.25e-05
1758258000018,1.25e-05
1758261600076,1.25e-05
1758265200001,1.25e-05
1758268800030,1.25e-05
1758272400109,1.25e-05
1758276000042,1.25e-05
1758279600063,1.25e-05
1758283200001,1.25e-05
1758286800038,1.25e-05
1758290400041,1.25e-05
1758294000012,1.25e-05
1758297600032,1.25e-05
1758301200052,1.25e-05
1758304800047,1.25e-05
1758308400049,1.25e-05
1758312000023,1.25e-05
1758315600022,1.25e-05
1758319200053,1.25e-05
1758322800020,1.25e-05
1758326400068,1.25e-05
1758330000039,1.25e-05
1758333600064,1.25e-05
1758337200060,1.25e-05
1758340800045,1.25e-05
1758344400047,1.25e-05
1758348000066,1.25e-05
1758351600027,1.25e-05
1758355200039,1.25e-05
1758358800037,1.25e-05
1758362400045,1.25e-05
1758366000029,1.25e-05
1758369600058,1.25e-05
1758373200066,1.25e-05
1758376800052,1.25e-05
1758380400015,1.25e-05
1758384000082,1.25e-05
1758387600089,1.25e-05
1758391200108,1.25e-05
1758394800077,1.25e-05
1758398400086,1.25e-05
1758402000062,1.25e-05
1758405600039,1.25e-05
1758409200039,1.25e-05
1758412800041,1.25e-05
1758416400054,1.25e-05
1758420000091,1.25e-05
1758423600037,1.25e-05
1758427200092,1.25e-05
1758430800037,1.25e-05
1758434400033,1.25e-05
1758438000060,1.25e-05
1758441600018,1.25e-05
1758445200030,1.25e-05
1758448800048,1.25e-05
1758452400031,1.25e-05
1758456000050,1.25e-05
1758459600064,1.25e-05
1758463200056,1.25e-05
1758466800069,1.25e-05
1758470400028,1.25e-05
1758474000007,1.25e-05
1758477600002,1.25e-05
1758481200108,1.25e-05
1758484800107,1.25e-05
1758488400032,1.25e-05
1758492000091,1.25e-05
1758495600106,1.25e-05
1758499200090,1.25e-05
1758502800068,1.25e-05
1758506400000,1.25e-05
1758510000040,1.25e-05
1758513600033,1.25e-05
1758517200062,1.25e-05
1758520800095,1.25e-05
1758524400026,1.25e-05
1758528000036,1.25e-05
1758531600021,1.25e-05
1758535200097,1.25e-05
1758538800090,1.25e-05
1758542400057,1.25e-05
1758546000008,1.25e-05
1758549600074,1.25e-05
1758553200010,1.25e-05
1758556800001,1.25e-05
1758560400106,1.25e-05
1758564000026,1.25e-05
1758567600058,1.25e-05
1758571200076,1.25e-05
1758574800091,1.25e-05
1758578400056,1.25e-05
1758582000030,1.25e-05
1758585600047,1.25e-05
1758589200005,1.25e-05
1758592800101,1.25e-05
1758596400062,1.25e-05
1758600000013,1.25e-05
1758603600077,1.25e-05
1758607200005,1.25e-05
1758610800003,1.25e-05
1758614400038,1.25e-05
1758618000072,1.25e-05
1758621600042,1.25e-05
1758625200022,1.25e-05
1758628800009,1.25e-05
1758632400046,1.25e-05
1758636000106,1.25e-05
1758639600055,1.25e-05
1758643200051,1.25e-05
1758646800043,1.25e-05
1758650400083,1.25e-05
1758654000011,1.25e-05
1758657600002,1.25e-05
1758661200028,1.25e-05
1758664800031,1.25e-05
1758668400001,1.25e-05
1758672000067,1.25e-05
1758675600042,1.25e-05
1758679200101,1.25e-05
1758682800031,1.25e-05
1758686400022,1.25e-05
1758690000088,1.25e-05
1758693600049,1.25e-05
1758697200062,1.25e-05
1758700800052,1.25e-05
1758704400014,1.25e-05
1758708000083,1.25e-05
1758711600025,1.25e-05
1758715200029,1.25e-05
1758718800014,1.25e-05
1758722400029,1.25e-05
1758726000013,1.25e-05
1758729600040,1.25e-05
1758733200098,1.25e-05
1758736800052,1.25e-05
1758740400007,1.25e-05
1758744000014,1.25e-05
1758747600070,1.25e-05
1758751200049,1.25e-05
1758754800021,1.25e-05
1758758400226,1.25e-05
1758762000067,1.25e-05
1758765600028,1.25e-05
1758769200070,1.25e-05
1758772800049,1.25e-05
1758776400054,1.25e-05
1758780000001,1.1601e-05
1758783600049,7.7236e-06
1758787200077,1.25e-05
1758790800034,1.25e-05
1758794400004,1.25e-05
1758798000011,1.25e-05
1758801600048,1.25e-05
1758805200068,1.25e-05
1758808800103,1.25e-05
1758812400006,1.25e-05
1758816000033,1.25e-05
1758819600026,1.25e-05
1758823200017,9.7904e-06
1758826800029,3.326e-06
1758830400011,-1.4033e-05
1758834000060,-5.2885e-06
1758837600062,5.6981e-06
1758841200051,1.24752e-05
1758844800107,1.25e-05
1758848400013,1.25e-05
1758852000031,1.25e-05
1758855600020,1.25e-05
1758859200087,1.25e-05
1758862800086,1.25e-05
1758866400023,1.25e-05
1758870000012,1.25e-05
1758873600009,1.25e-05
1758877200095,1.25e-05
1758880800012,1.25e-05
1758884400010,1.25e-05
1758888000071,5.3998e-06
1758891600053,5.739e-07
1758895200002,8.8787e-06
1758898800060,6.4517e-06
1758902400048,5.0169e-06
1758906000062,8.011e-07
1758909600108,7.1871e-06
1758913200105,1.25e-05
1758916800024,1.25e-05
1758920400002,1.25e-05
1758924000024,1.25e-05
1758927600029,1.25e-05
1758931200099,1.25e-05
1758934800050,1.25e-05
1758938400019,1.25e-05
1758942000048,1.25e-05
1758945600008,7.5161e-06
1758949200029,7.5073e-06
1758952800028,5.1675e-06
1758956400002,2.9353e-06
1758960000051,4.025e-07
1758963600004,7.7581e-06
1758967200021,-2.9743e-06
1758970800013,8.9331e-06
1758974400078,1.09057e-05
1758978000060,1.25e-05
1758981600030,1.25e-05
1758985200062,1.25e-05
1758988800007,9.1742e-06
1758992400005,7.6947e-06
1758996000024,8.5582e-06
1758999600061,7.0981e-06
1759003200008,1.04236e-05
1759006800004,9.2503e-06
1759010400086,1.25e-05
1759014000005,1.25e-05
1759017600025,1.25e-05
1759021200028,1.25e-05
1759024800035,1.1914e-05
1759028400010,1.2457e-05
1759032000061,1.16602e-05
1759035600013,1.24325e-05
1759039200111,6.9904e-06
1759042800049,7.0069e-06
1759046400007,8.5689e-06
1759050000040,7.8088e-06
1759053600027,6.1149e-06
1759057200011,4.6858e-06
1759060800071,7.7376e-06
1759064400011,6.0581e-06
1759068000050,6.6638e-06
1759071600065,-1.9341e-06
1759075200022,-2.373e-06
1759078800040,-6.1556e-06
1759082400027,-1.40304e-05
1759086000127,-1.58795e-05
1759089600004,-6.6306e-06
1759093200011,1.25e-05
1759096800035,1.25e-05
1759100400053,1.25e-05
1759104000006,1.25e-05
1759107600022,1.25e-05
1759111200111,1.25e-05
1759114800011,1.25e-05
1759118400017,6.8619e-06
1759122000062,3.4583e-06
1759125600090,1.1366e-06
1759129200062,6.545e-07
1759132800058,-6.819e-06
1759136400034,4.8317e-06
1759140000007,5.4445e-06
1759143600002,8.9257e-06
1759147200045,9.8361e-06
1759150800066,1.07574e-05
1759154400081,1.25e-05
1759158000027,1.25e-05
1759161600050,-2.8129e-06
1759165200145,7.1908e-06
1759168800077,1.25e-05
1759172400082,1.25e-05
1759176000048,1.25e-05
1759179600054,1.25e-05
1759183200018,1.25e-05
1759186800050,7.3728e-06
1759190400020,1.25e-05
1759194000079,7.4702e-06
1759197600029,1.25e-05
1759201200090,1.25e-05
1759204800014,1.14341e-05
1759208400051,3.6143e-06
1759212000040,-5.264e-06
1759215600009,5.8148e-06
1759219200064,1.25e-05
1759222800034,1.13969e-05
1759226400033,1.03221e-05
1759230000021,1.25e-05
1759233600050,1.25e-05
1759237200009,1.25e-05
1759240800020,1.25e-05
1759244400000,1.25e-05
1759248000051,1.25e-05
1759251600008,1.25e-05
1759255200069,1.25e-05
1759258800040,1.25e-05
1759262400043,1.25e-05
1759266000030,1.25e-05
1759269600021,1.25e-05
1759273200007,1.25e-05
1759276800098,1.25e-05
1759280400054,1.25e-05
1759284000041,1.25e-05
1759287600042,1.25e-05
1759291200054,1.25e-05
1759294800012,1.25e-05
1759298400068,1.25e-05
1759302000008,1.25e-05
1759305600041,1.25e-05
1759309200031,1.25e-05
1759312800020,1.25e-05
1759316400030,1.25e-05
1759320000021,1.25e-05
1759323600045,1.25e-05
1759327200081,1.25e-05
1759330800109,1.25e-05
1759334400038,1.25e-05
1759338000083,1.25e-05
1759341600062,1.25e-05
1759345200083,1.25e-05
1759348800086,1.25e-05
1759352400026,1.25e-05
1759356000034,1.11434e-05
1759359600000,1.25e-05
1759363200016,1.25e-05
1759366800056,1.25e-05
1759370400057,1.25e-05
1759374000013,1.25e-05
1759377600018,1.25e-05
1759381200005,6.3069e-06
1759384800017,1.1815e-06
1759388400027,5.7097e-06
1759392000063,7.6898e-06
1759395600005,1.16363e-05
1759399200024,1.25e-05
1759402800016,1.00791e-05
1759406400036,1.13225e-05
1759410000057,1.25e-05
1759413600020,1.25e-05
1759417200057,8.1499e-06
1759420800033,1.25e-05
1759424400014,1.25e-05
1759428000012,1.25e-05
1759431600040,1.25e-05
1759435200064,1.25e-05
1759438800025,1.25e-05
1759442400095,1.25e-05
1759446000006,1.25e-05
1759449600008,1.25e-05
1759453200071,1.25e-05
1759456800012,1.25e-05
1759460400017,1.25e-05
1759464000028,1.25e-05
1759467600069,1.25e-05
1759471200014,1.25e-05
1759474800070,1.25e-05
1759478400028,1.25e-05
1759482000073,1.25e-05
1759485600007,1.25e-05
1759489200007,1.25e-05
1759492800020,1.25e-05
1759496400015,1.25e-05
1759500000013,1.25e-05
1759503600033,1.25e-05
1759507200030,1.25e-05
1759510800016,1.25e-05
1759514400018,1.25e-05
1759518000105,1.25e-05
1759521600048,1.25e-05
1759525200197,1.25e-05
1759528800055,1.25e-05
1759532400035,1.25e-05
1759536000006,1.25e-05
1759539600026,1.25e-05
1759543200070,1.25e-05
1759546800062,1.25e-05
1759550400046,1.25e-05
1759554000098,1.25e-05
1759557600044,1.25e-05
1759561200112,1.25e-05
1759564800019,1.25e-05
1759568400059,1.25e-05
1759572000014,1.25e-05
1759575600010,1.25e-05
1759579200009,1.25e-05
1759582800001,1.25e-05
1759586400055,1.25e-05
1759590000060,1.25e-05
1759593600016,1.25e-05
1759597200068,1.25e-05
1759600800073,1.25e-05
1759604400000,1.25e-05
1759608000015,1.25e-05
1759611600073,1.25e-05
1759615200047,1.25e-05
1759618800018,1.25e-05
1759622400101,1.25e-05
1759626000062,1.25e-05
1759629600055,1.25e-05
1759633200033,2.37769e-05
1759636800041,1.54878e-05
1759640400084,2.72838e-05
1759644000055,3.65082e-05
1759647600050,4.22963e-05
1759651200014,4.53103e-05
1759654800033,2.34475e-05
1759658400043,1.25e-05
1759662000002,1.25e-05
1759665600050,2.12063e-05
1759669200081,2.32018e-05
1759672800121,2.34503e-05
1759676400088,2.18359e-05
1759680000047,1.84427e-05
1759683600035,2.45131e-05
1759687200062,1.83807e-05
1759690800032,1.3994e-05
1759694400084,1.41783e-05
1759698000108,1.58129e-05
1759701600050,1.48405e-05
1759705200071,1.97322e-05
1759708800043,2.84847e-05
1759712400027,3.59113e-05
1759716000023,4.00288e-05
1759719600082,3.57237e-05
1759723200091,2.94183e-05
1759726800019,2.37811e-05
1759730400111,2.75511e-05
1759734000032,3.29582e-05
1759737600097,2.74833e-05
1759741200055,2.90518e-05
1759744800016,2.37423e-05
1759748400026,2.89178e-05
1759752000074,2.22016e-05
1759755600017,2.75547e-05
1759759200005,2.19129e-05
1759762800043,1.25e-05
1759766400064,1.49247e-05
1759770000051,2.26349e-05
1759773600087,3.95953e-05
1759777200084,3.57439e-05
1759780800023,2.78628e-05
1759784400015,3.00335e-05
1759788000075,1.3557e-05
1759791600068,1.25e-05
1759795200002,1.25e-05
1759798800012,1.25e-05
1759802400064,1.25e-05
1759806000050,1.25e-05
1759809600039,1.25e-05
1759813200032,1.25e-05
1759816800019,1.25e-05
1759820400042,1.25e-05
1759824000014,1.25e-05
1759827600010,1.25e-05
1759831200059,1.25e-05
1759834800022,1.25e-05
1759838400000,1.25e-05
1759842000076,1.25e-05
1759845600138,2.59729e-05
1759849200114,2.50139e-05
1759852800069,2.89564e-05
1759856400026,4.71257e-05
1759860000077,1.84272e-05
1759863600033,1.25e-05
1759867200006,1.25e-05
1759870800062,1.25e-05
1759874400055,1.25e-05
1759878000098,1.25e-05
1759881600010,1.25e-05
1759885200133,1.25e-05
1759888800028,1.25e-05
1759892400068,1.25e-05
1759896000019,1.25e-05
1759899600056,1.25e-05
1759903200002,1.25e-05
1759906800022,1.25e-05
1759910400026,1.25e-05
1759914000065,1.25e-05
1759917600019,2.61221e-05
1759921200005,2.23187e-05
1759924800108,1.37175e-05
1759928400001,1.25e-05
1759932000002,1.25e-05
1759935600058,1.25e-05
1759939200119,1.25e-05
1759942800028,1.25e-05
1759946400105,1.25e-05
1759950000018,1.53615e-05
1759953600072,1.25e-05
1759957200085,1.25e-05
1759960800055,1.36158e-05
1759964400039,1.28886e-05
1759968000053,1.34293e-05
1759971600011,1.77486e-05
1759975200038,1.25e-05
1759978800020,1.25e-05
1759982400064,1.25e-05
1759986000076,1.25e-05
1759989600013,1.25e-05
1759993200036,1.25e-05
1759996800110,1.25e-05
1760000400028,1.25e-05
1760004000032,1.25e-05
1760007600052,1.25e-05
1760011200015,1.25e-05
1760014800011,1.25e-05
1760018400037,1.25e-05
1760022000074,1.25e-05
1760025600019,1.25e-05
1760029200013,1.25e-05
1760032800077,2.8133e-06
1760036400013,-3.134e-07
1760040000003,6.038e-06
1760043600009,9.864e-06
1760047200078,1.25e-05
1760050800084,1.25e-05
1760054400017,1.25e-05
1760058000038,1.25e-05
1760061600022,1.25e-05
1760065200040,9.9103e-06
1760068800008,-1.47029e-05
1760072400082,-1.436e-05
1760076000013,-9.1048e-06
1760079600056,-2.2685e-06
1760083200014,-2.2369e-06
1760086800012,1.25e-05
1760090400089,8.9718e-06
1760094000035,-1.55185e-05
1760097600023,6.802e-07
1760101200059,1.03702e-05
1760104800055,9.7508e-06
1760108400072,1.01879e-05
1760112000042,9.09e-06
1760115600040,1.25e-05
1760119200009,1.25e-05
1760122800032,1.25e-05
1760126400062,8.5432e-06
1760130000014,-7.1285e-06
1760133600084,0.0002326647
1760137200035,1.25e-05
1760140800023,1.25e-05
1760144400034,1.25e-05
1760148000015,1.25e-05
1760151600003,1.25e-05
1760155200016,1.25e-05
1760158800063,1.25e-05
1760162400153,1.25e-05
1760166000073,1.25e-05
1760169600013,1.25e-05
1760173200050,1.25e-05
1760176800034,6.7178e-06
1760180400019,1.18197e-05
1760184000084,8.5888e-06
1760187600002,1.25e-05
1760191200014,1.25e-05
1760194800044,5.1145e-06
1760198400129,9.615e-06
1760202000043,6.0803e-06
1760205600027,1.02794e-05
1760209200071,1.25e-05
1760212800041,8.8851e-06
1760216400089,4.191e-06
1760220000073,1.25e-05
1760223600004,1.25e-05
1760227200048,1.25e-05
1760230800060,9.5755e-06
1760234400086,1.25e-05
1760238000015,1.18288e-05
1760241600017,3.573e-07
1760245200030,1.06215e-05
1760248800046,1.25e-05
1760252400051,7.6876e-06
1760256000128,5.8632e-06
1760259600019,2.8413e-06
1760263200032,-1.65912e-05
1760266800015,-1.25441e-05
1760270400041,2.1607e-06
1760274000018,6.601e-06
1760277600010,1.12682e-05
1760281200058,1.25e-05
1760284800000,1.25e-05
1760288400053,1.25e-05
1760292000083,1.25e-05
1760295600034,1.25e-05
1760299200037,1.25e-05
1760302800008,1.25e-05
1760306400034,1.25e-05
1760310000039,1.25e-05
1760313600022,1.25e-05
1760317200056,1.25e-05
1760320800109,1.25e-05
1760324400041,1.25e-05
1760328000081,1.25e-05
1760331600010,1.25e-05
1760335200068,1.25e-05
1760338800011,1.25e-05
1760342400029,1.25e-05
1760346000097,1.25e-05
1760349600037,1.25e-05
1760353200044,1.25e-05
1760356800094,1.25e-05
1760360400067,1.25e-05
1760364000029,1.25e-05
1760367600052,8.1047e-06
1760371200027,9.6976e-06
1760374800008,7.6918e-06
1760378400013,6.4421e-06
1760382000032,9.0115e-06
1760385600049,1.25e-05
1760389200049,5.6168e-06
1760392800002,8.6033e-06
1760396400006,6.0574e-06
1760400000054,2.0889e-06
1760403600064,1.25e-05
1760407200032,1.25e-05
1760410800114,-1.08401e-05
1760414400019,-3.59039e-05
1760418000079,-2.6805e-05
1760421600009,-2.03988e-05
1760425200007,-7.0239e-06
1760428800001,1.8948e-06
1760432400098,1.25e-05
1760436000066,6.4695e-06
1760439600045,-3.833e-07
1760443200009,1.22151e-05
1760446800044,3.4446e-06
1760450400060,-1.05351e-05
1760454000027,1.06942e-05
1760457600021,1.16624e-05
1760461200070,1.25e-05
1760464800036,1.25e-05
1760468400043,1.25e-05
1760472000090,1.25e-05
1760475600040,1.25e-05
1760479200030,1.25e-05
1760482800016,1.25e-05
1760486400106,1.25e-05
1760490000001,1.25e-05
1760493600048,1.25e-05
1760497200060,1.25e-05
1760500800092,1.25e-05
1760504400054,1.25e-05
1760508000025,1.25e-05
1760511600000,1.25e-05
1760515200090,1.25e-05
1760518800045,1.25e-05
1760522400038,1.25e-05
1760526000014,1.25e-05
1760529600071,1.25e-05
1760533200024,1.25e-05
1760536800088,1.25e-05
1760540400082,1.25e-05
1760544000002,1.25e-05
1760547600091,1.25e-05
1760551200014,1.25e-05
1760554800043,1.25e-05
1760558400048,1.25e-05
1760562000066,1.25e-05
1760565600068,1.25e-05
1760569200063,1.25e-05
1760572800003,1.25e-05
1760576400006,1.25e-05
1760580000024,1.25e-05
1760583600057,1.25e-05
1760587200105,1.25e-05
1760590800050,1.25e-05
1760594400093,1.25e-05
1760598000001,9.4323e-06
1760601600038,9.5972e-06
1760605200082,1.25e-05
1760608800013,1.25e-05
1760612400020,1.25e-05
1760616000046,1.25e-05
1760619600058,1.25e-05
1760623200059,1.25e-05
1760626800000,1.25e-05
1760630400046,1.25e-05
1760634000067,1.25e-05
1760637600028,1.25e-05
1760641200035,1.25e-05
1760644800004,1.25e-05
1760648400058,1.25e-05
1760652000015,1.25e-05
1760655600005,1.25e-05
1760659200017,1.25e-05
1760662800071,1.25e-05
1760666400052,1.25e-05
1760670000028,1.25e-05
1760673600012,1.25e-05
1760677200047,1.25e-05
1760680800002,1.25e-05
1760684400082,1.25e-05
1760688000040,1.25e-05
1760691600084,1.25e-05
1760695200049,1.25e-05
1760698800013,1.25e-05
1760702400077,1.25e-05
1760706000034,1.25e-05
1760709600009,1.25e-05
1760713200120,1.25e-05
1760716800040,1.25e-05
1760720400015,1.25e-05
1760724000007,1.25e-05
1760727600019,1.25e-05
1760731200028,1.25e-05
1760734800016,1.25e-05
1760738400018,1.25e-05
1760742000049,1.25e-05
1760745600129,1.25e-05
1760749200018,1.25e-05
1760752800084,1.25e-05
1760756400037,1.25e-05
1760760000070,1.25e-05
1760763600106,1.25e-05
1760767200001,1.25e-05
1760770800089,1.25e-05
1760774400022,1.25e-05
1760778000003,1.25e-05
1760781600005,1.25e-05
1760785200034,1.25e-05
1760788800000,1.25e-05
1760792400017,1.25e-05
1760796000045,1.25e-05
1760799600069,1.25e-05
1760803200107,1.25e-05
1760806800041,1.25e-05
1760810400003,1.25e-05
1760814000020,1.25e-05
1760817600014,1.25e-05
1760821200056,1.25e-05
1760824800086,1.25e-05
1760828400018,1.25e-05
1760832000092,1.25e-05
1760835600033,1.25e-05
1760839200096,1.25e-05
1760842800108,1.25e-05
1760846400025,1.25e-05
1760850000003,5.5629e-06
1760853600048,7.7215e-06
1760857200062,9.3198e-06
1760860800041,2.84e-06
1760864400022,5.0943e-06
1760868000085,3.9982e-06
1760871600055,5.1619e-06
1760875200055,7.8468e-06
1760878800079,1.25e-05
1760882400090,1.1563e-05
1760886000068,1.25e-05
1760889600015,9.2951e-06
1760893200027,1.03298e-05
1760896800002,1.17184e-05
1760900400081,9.7219e-06
1760904000001,-9.5412e-06
1760907600000,-8.6303e-06
1760911200051,-1.29005e-05
1760914800023,-8.3362e-06
1760918400001,-5.2459e-06
1760922000091,-5.7828e-06
1760925600012,-2.593e-07
1760929200011,4.3413e-06
1760932800027,1.0074e-05
1760936400027,1.25e-05
1760940000067,1.25e-05
1760943600099,1.25e-05
1760947200102,1.25e-05
1760950800121,1.25e-05
1760954400031,1.25e-05
1760958000001,1.25e-05
1760961600008,1.25e-05
1760965200016,1.25e-05
1760968800008,1.25e-05
1760972400038,1.25e-05
1760976000065,1.25e-05
1760979600004,1.6059e-06
1760983200050,8.419e-07
1760986800049,1.10306e-05
1760990400017,6.9584e-06
1760994000028,5.1083e-06
1760997600031,2.3643e-06
1761001200065,6.2676e-06
1761004800019,2.4307e-06
1761008400007,4.1224e-06
1761012000031,2.2574e-06
1761015600071,1.3109e-06
1761019200035,2.0437e-06
1761022800063,-1.3815e-06
1761026400008,-7.0809e-06
1761030000118,3.2246e-06
1761033600010,2.6276e-06
1761037200003,-2.9544e-06
1761040800028,1.04736e-05
1761044400076,1.25e-05
1761048000078,1.25e-05
1761051600030,1.25e-05
1761055200096,1.25e-05
1761058800047,1.25e-05
1761062400042,1.25e-05
1761066000058,1.25e-05
1761069600016,-2.6826e-06
1761073200080,-7.251e-07
1761076800060,-3.3525e-06
1761080400019,-1.74662e-05
1761084000011,-7.6151e-06
1761087600060,-1.34023e-05
1761091200025,8.439e-07
1761094800050,7.544e-06
1761098400020,1.25e-05
1761102000081,1.25e-05
1761105600076,1.25e-05
1761109200035,1.25e-05
1761112800009,1.25e-05
1761116400071,1.25e-05
1761120000062,1.25e-05
1761123600059,1.1671e-05
1761127200074,7.3978e-06
1761130800056,5.2163e-06
1761134400032,3.3829e-06
1761138000031,7.3123e-06
1761141600029,1.07638e-05
1761145200025,1.25e-05
1761148800036,1.25e-05
1761152400033,1.25e-05
1761156000008,1.25e-05
1761159600089,1.25e-05
1761163200002,7.5109e-06
1761166800025,1.25e-05
1761170400027,1.25e-05
1761174000005,1.25e-05
1761177600009,1.25e-05
1761181200016,1.25e-05
1761184800031,1.25e-05
1761188400006,1.25e-05
1761192000069,1.25e-05
1761195600027,1.25e-05
1761199200059,1.25e-05
1761202800050,1.25e-05
1761206400047,1.25e-05
1761210000058,1.25e-05
1761213600041,1.25e-05
1761217200009,1.25e-05
1761220800003,1.25e-05
1761224400028,1.25e-05
1761228000017,1.25e-05
1761231600071,1.25e-05
1761235200077,1.25e-05
1761238800066,1.25e-05
1761242400067,1.25e-05
1761246000064,1.25e-05
1761249600111,1.25e-05
1761253200075,1.25e-05
1761256800059,1.25e-05
1761260400061,1.25e-05
1761264000027,1.25e-05
1761267600017,1.25e-05
1761271200037,1.25e-05
1761274800019,1.25e-05
1761278400025,1.25e-05
1761282000030,1.25e-05
1761285600025,1.25e-05
1761289200071,1.25e-05
1761292800077,1.25e-05
1761296400061,1.25e-05
1761300000120,1.25e-05
1761303600104,1.25e-05
1761307200013,1.25e-05
1761310800033,1.25e-05
1761314400009,1.25e-05
1761318000027,1.25e-05
1761321600171,1.25e-05
1761325200036,1.25e-05
1761328800052,1.25e-05
1761332400043,1.25e-05
1761336000021,1.25e-05
1761339600031,1.25e-05
1761343200007,1.25e-05
1761346800032,1.25e-05
1761350400014,1.25e-05
1761354000081,1.25e-05
1761357600085,1.25e-05
1761361200008,1.25e-05
1761364800066,1.25e-05
1761368400028,1.25e-05
1761372000036,1.25e-05
1761375600008,1.25e-05
1761379200043,1.25e-05
1761382800025,1.25e-05
1761386400021,1.25e-05
1761390000057,1.25e-05
1761393600047,1.25e-05
1761397200046,1.25e-05
1761400800058,1.25e-05
1761404400016,1.25e-05
1761408000041,1.25e-05
1761411600015,1.25e-05
1761415200027,1.25e-05
1761418800030,1.25e-05
1761422400002,1.25e-05
1761426000073,1.25e-05
1761429600055,1.25e-05
1761433200044,1.25e-05
1761436800032,1.25e-05
1761440400040,1.25e-05
1761444000006,1.25e-05
1761447600063,1.25e-05
1761451200133,1.25e-05
1761454800021,1.25e-05
1761458400088,1.25e-05
1761462000054,1.25e-05
1761465600009,1.25e-05
1761469200041,1.25e-05
1761472800028,1.25e-05
1761476400068,1.25e-05
1761480000084,1.25e-05
1761483600054,1.25e-05
1761487200041,1.25e-05
1761490800079,1.25e-05
1761494400039,1.25e-05
1761498000074,1.25e-05
1761501600030,1.25e-05
1761505200059,1.25e-05
1761508800056,1.25e-05
1761512400033,1.25e-05
1761516000019,1.25e-05
1761519600009,1.25e-05
1761523200020,1.25e-05
1761526800007,1.25e-05
1761530400080,1.77275e-05
1761534000034,2.01933e-05
1761537600050,2.46072e-05
1761541200056,3.06179e-05
1761544800073,3.21483e-05
1761548400002,2.57439e-05
1761552000067,1.25e-05
1761555600016,1.25e-05
1761559200082,1.25e-05
1761562800067,1.25e-05
1761566400052,1.25e-05
1761570000132,1.25e-05
1761573600028,1.25e-05
1761577200090,1.25e-05
1761580800054,1.25e-05
1761584400078,1.25e-05
1761588000053,1.25e-05
1761591600055,1.25e-05
1761595200077,1.25e-05
1761598800065,1.25e-05
1761602400010,1.25e-05
1761606000071,1.25e-05
1761609600041,1.25e-05
1761613200058,1.25e-05
1761616800012,1.25e-05
1761620400031,1.25e-05
1761624000021,1.25e-05
1761627600020,1.25e-05
1761631200053,1.25e-05
1761634800074,1.25e-05
1761638400069,1.25e-05
1761642000046,1.25e-05
1761645600036,1.25e-05
1761649200005,1.25e-05
1761652800001,1.25e-05
1761656400109,1.25e-05
1761660000010,1.25e-05
1761663600019,1.25e-05
1761667200046,1.25e-05
1761670800059,1.25e-05
1761674400091,1.25e-05
1761678000102,1.25e-05
1761681600058,1.25e-05
1761685200077,1.25e-05
1761688800030,1.25e-05
1761692400042,1.25e-05
1761696000102,1.25e-05
1761699600042,1.25e-05
1761703200077,1.25e-05
1761706800042,1.25e-05
1761710400036,1.25e-05
1761714000043,1.25e-05
1761717600006,1.25e-05
1761721200020,1.25e-05
1761724800053,1.25e-05
1761728400061,1.25e-05
1761732000044,1.25e-05
1761735600044,1.25e-05
1761739200098,1.25e-05
1761742800000,1.25e-05
1761746400006,1.25e-05
1761750000035,1.25e-05
1761753600064,1.25e-05
1761757200196,1.25e-05
1761760800117,1.25e-05
1761764400037,1.25e-05
1761768000043,1.25e-05
1761771600014,1.25e-05
1761775200025,1.74792e-05
1761778800061,1.25e-05
1761782400035,1.25e-05
1761786000015,1.25e-05
1761789600037,1.25e-05
1761793200041,2.77928e-05
1761796800122,2.15309e-05
1761800400021,1.25e-05
1761804000021,1.25e-05
1761807600062,1.25e-05
1761811200024,1.25e-05
1761814800007,1.25e-05
1761818400042,1.25e-05
1761822000045,1.25e-05
1761825600003,1.25e-05
1761829200048,1.25e-05
1761832800048,1.25e-05
1761836400044,1.25e-05
1761840000037,1.25e-05
1761843600008,1.25e-05
1761847200032,1.25e-05
1761850800088,1.25e-05
1761854400034,1.25e-05
1761858000071,1.25e-05
1761861600092,1.25e-05
1761865200006,1.25e-05
1761868800006,1.25e-05
1761872400082,1.25e-05
1761876000068,1.25e-05
1761879600072,1.25e-05
1761883200038,1.25e-05
1761886800105,1.25e-05
1761890400081,1.25e-05
1761894000066,1.25e-05
1761897600065,1.25e-05
1761901200071,1.25e-05
1761904800002,1.25e-05
1761908400027,1.25e-05
1761912000145,1.25e-05
1761915600016,1.25e-05
1761919200066,1.25e-05
1761922800074,1.25e-05
1761926400068,1.25e-05
1761930000021,1.25e-05
1761933600067,1.25e-05
1761937200009,1.25e-05
1761940800030,1.25e-05
1761944400040,1.25e-05
1761948000089,1.25e-05
1761951600037,1.25e-05
1761955200078,1.25e-05
1761958800002,1.25e-05
1761962400000,1.25e-05
1761966000108,1.25e-05
1761969600053,1.25e-05
1761973200085,1.25e-05
1761976800046,1.25e-05
1761980400032,1.25e-05
1761984000039,1.25e-05
1761987600075,1.25e-05
1761991200010,1.25e-05
1761994800062,1.25e-05
1761998400072,1.25e-05
1762002000047,1.25e-05
1762005600013,1.25e-05
1762009200106,1.25e-05
1762012800044,1.25e-05
1762016400100,1.25e-05
1762020000005,1.25e-05
1762023600116,1.25e-05
1762027200002,1.25e-05
1762030800008,1.25e-05
1762034400031,1.25e-05
1762038000014,1.25e-05
1762041600094,1.25e-05
1762045200000,1.25e-05
1762048800052,1.25e-05
1762052400004,1.25e-05
1762056000012,1.25e-05
1762059600099,1.25e-05
1762063200007,1.25e-05
1762066800053,1.25e-05
1762070400040,1.25e-05
1762074000053,1.25e-05
1762077600020,1.25e-05
1762081200019,1.25e-05
1762084800027,1.25e-05
1762088400003,1.25e-05
1762092000057,1.25e-05
1762095600055,1.25e-05
1762099200038,1.25e-05
1762102800043,1.25e-05
1762106400014,1.25e-05
1762110000050,1.25e-05
1762113600024,1.25e-05
1762117200063,1.25e-05
1762120800055,1.25e-05
1762124400127,1.25e-05
1762128000108,1.25e-05
1762131600005,1.25e-05
1762135200074,1.25e-05
1762138800048,1.25e-05
1762142400069,1.25e-05
1762146000062,1.06615e-05
1762149600081,1.25e-05
1762153200041,1.25e-05
1762156800009,1.25e-05
1762160400014,1.25e-05
1762164000019,1.25e-05
1762167600065,1.25e-05
1762171200073,1.25e-05
1762174800022,1.25e-05
1762178400040,1.25e-05
1762182000059,1.25e-05
1762185600024,4.1415e-06
1762189200019,1.25e-05
1762192800009,1.25e-05
1762196400094,1.25e-05
1762200000046,1.25e-05
1762203600000,1.25e-05
1762207200013,1.25e-05
1762210800040,8.7211e-06
1762214400009,7.3833e-06
1762218000022,7.8968e-06
1762221600049,9.5488e-06
1762225200014,7.4094e-06
1762228800074,7.9401e-06
1762232400042,7.9537e-06
1762236000054,-3.4842e-06
1762239600052,9.1974e-06
1762243200064,9.474e-06
1762246800001,6.8248e-06
1762250400042,4.6854e-06
1762254000018,8.3362e-06
1762257600053,1.25e-05
1762261200065,1.25e-05
1762264800077,1.25e-05
1762268400003,1.25e-05
1762272000000,1.25e-05
1762275600006,1.25e-05
1762279200062,1.25e-05
1762282800079,1.25e-05
1762286400059,1.25e-05
1762290000034,1.25e-05
1762293600024,1.25e-05
1762297200105,1.25e-05
1762300800005,1.25e-05
1762304400045,1.25e-05
1762308000095,1.25e-05
1762311600037,1.25e-05
1762315200029,1.25e-05
1762318800020,1.25e-05
1762322400033,1.25e-05
1762326000044,1.25e-05
1762329600051,1.25e-05
1762333200029,1.25e-05
1762336800009,1.25e-05
1762340400001,1.25e-05
1762344000024,1.25e-05
1762347600088,1.25e-05
1762351200043,1.25e-05
1762354800072,1.25e-05
1762358400017,1.25e-05
1762362000026,1.25e-05
1762365600042,1.25e-05
1762369200000,1.25e-05
1762372800000,1.25e-05
1762376400095,1.25e-05
1762380000015,1.25e-05
1762383600000,1.25e-05
1762387200097,1.25e-05
1762390800003,1.25e-05
1762394400026,1.25e-05
1762398000007,1.25e-05
1762401600087,1.25e-05
1762405200131,1.25e-05
1762408800042,1.25e-05
1762412400071,1.25e-05
1762416000018,1.25e-05
1762419600140,1.25e-05
1762423200001,1.25e-05
1762426800102,1.25e-05
1762430400043,1.25e-05
1762434000022,1.25e-05
1762437600005,1.25e-05
1762441200021,1.25e-05
1762444800024,1.25e-05
1762448400081,-4.8599e-06
1762452000040,9.425e-06
1762455600042,1.18463e-05
1762459200018,1.25e-05
1762462800048,1.06465e-05
1762466400027,7.9796e-06
1762470000047,1.25e-05
1762473600115,9.7434e-06
1762477200033,1.25e-05
1762480800013,1.25e-05
1762484400014,1.14475e-05
1762488000064,1.25e-05
1762491600056,1.25e-05
1762495200072,1.25e-05
1762498800016,1.25e-05
1762502400013,1.25e-05
1762506000038,1.25e-05
1762509600027,1.25e-05
1762513200002,1.0698e-05
1762516800029,2.8044e-06
1762520400135,1.25e-05
1762524000085,8.265e-07
1762527600034,2.478e-06
1762531200018,1.25e-05
1762534800021,1.25e-05
1762538400079,1.25e-05
1762542000010,1.25e-05
1762545600026,1.25e-05
1762549200021,1.25e-05
1762552800043,1.25e-05
1762556400141,1.25e-05
1762560000094,1.25e-05
1762563600067,1.25e-05
1762567200022,1.25e-05
1762570800023,1.25e-05
1762574400013,7.9051e-06
1762578000085,1.192e-06
1762581600078,6.978e-07
1762585200036,7.838e-06
1762588800058,7.7436e-06
1762592400085,8.2906e-06
1762596000029,2.6625e-06
1762599600034,2.8958e-06
1762603200091,2.569e-06
1762606800036,5.9715e-06
1762610400019,4.4593e-06
1762614000056,1.25e-05
1762617600029,1.25e-05
1762621200024,1.25e-05
1762624800085,1.25e-05
1762628400082,1.25e-05
1762632000100,9.0029e-06
1762635600090,7.782e-06
1762639200035,6.9551e-06
1762642800043,8.0452e-06
1762646400028,7.8325e-06
1762650000002,-6.5858e-06
1762653600185,-1.2335e-06
1762657200067,2.5033e-06
1762660800004,1.8358e-06
1762664400022,6.4847e-06
1762668000090,2.4124e-06
1762671600058,5.9069e-06
1762675200038,2.8823e-06
1762678800012,4.3546e-06
1762682400045,1.9631e-06
1762686000046,8.7034e-06
1762689600040,9.8985e-06
1762693200061,8.896e-06
1762696800027,1.25e-05
1762700400050,1.25e-05
1762704000039,1.25e-05
1762707600109,1.25e-05
1762711200052,1.25e-05
1762714800066,1.25e-05
1762718400007,1.25e-05
1762722000092,1.25e-05
1762725600073,1.25e-05
1762729200047,1.25e-05
1762732800049,1.25e-05
1762736400000,1.25e-05
1762740000010,1.25e-05
1762743600055,1.25e-05
1762747200076,1.25e-05
1762750800075,1.25e-05
1762754400071,1.25e-05
1762758000051,1.25e-05
1762761600042,1.25e-05
1762765200026,1.25e-05
1762768800131,1.25e-05
1762772400024,1.25e-05
1762776000125,1.25e-05
1762779600057,1.25e-05
1762783200062,1.25e-05
1762786800004,1.25e-05
1762790400048,1.25e-05
1762794000036,1.25e-05
1762797600053,1.25e-05
1762801200043,1.25e-05
1762804800045,1.25e-05
1762808400074,1.25e-05
1762812000005,1.25e-05
1762815600001,1.25e-05
1762819200073,1.25e-05
1762822800054,1.25e-05
1762826400011,1.25e-05
1762830000076,1.25e-05
1762833600153,1.25e-05
1762837200043,1.25e-05
1762840800043,1.25e-05
1762844400040,1.25e-05
1762848000049,1.25e-05
1762851600026,1.25e-05
1762855200055,1.25e-05
1762858800060,1.25e-05
1762862400002,1.25e-05
1762866000058,1.25e-05
1762869600061,1.25e-05
1762873200027,1.25e-05
1762876800015,1.25e-05
1762880400073,1.25e-05
1762884000026,1.25e-05
1762887600016,1.25e-05
1762891200013,1.25e-05
1762894800050,1.25e-05
1762898400008,1.25e-05
1762902000015,1.25e-05
1762905600096,1.25e-05
1762909200040,1.25e-05
1762912800123,1.25e-05
1762916400006,1.25e-05
1762920000014,1.25e-05
1762923600084,1.25e-05
1762927200107,1.25e-05
1762930800073,1.25e-05
1762934400004,1.25e-05
1762938000040,1.25e-05
1762941600021,1.25e-05
1762945200044,1.25e-05
1762948800007,1.25e-05
1762952400063,1.25e-05
1762956000043,1.25e-05
1762959600019,1.25e-05
1762963200001,1.25e-05
1762966800045,1.25e-05
1762970400036,1.25e-05
1762974000032,1.25e-05
1762977600038,1.25e-05
1762981200057,1.25e-05
1762984800019,1.25e-05
1762988400045,1.25e-05
1762992000007,1.25e-05
1762995600079,1.25e-05
1762999200052,1.25e-05
1763002800067,1.25e-05
1763006400039,1.25e-05
1763010000072,1.25e-05
1763013600028,1.25e-05
1763017200014,1.25e-05
1763020800053,1.25e-05
1763024400007,1.25e-05
1763028000062,1.25e-05
1763031600092,1.25e-05
1763035200022,1.25e-05
1763038800024,1.25e-05
1763042400070,1.25e-05
1763046000014,1.25e-05
1763049600012,1.25e-05
1763053200042,1.25e-05
1763056800058,2.6114e-06
1763060400062,1.25e-05
1763064000061,1.25e-05
1763067600046,1.25e-05
1763071200013,1.25e-05
1763074800059,1.25e-05
1763078400130,1.25e-05
1763082000014,1.25e-05
1763085600069,1.25e-05
1763089200085,1.25e-05
1763092800024,1.25e-05
1763096400029,1.25e-05
1763100000096,1.25e-05
1763103600019,1.25e-05
1763107200098,1.25e-05
1763110800137,1.25e-05
1763114400036,1.25e-05
1763118000052,1.25e-05
1763121600046,1.25e-05
1763125200041,1.25e-05
1763128800034,1.25e-05
1763132400013,1.25e-05
1763136000014,1.25e-05
1763139600079,1.25e-05
1763143200020,1.25e-05
1763146800005,1.25e-05
1763150400054,1.25e-05
1763154000011,1.25e-05
1763157600091,1.25e-05
1763161200037,1.25e-05
1763164800028,1.49306e-05
1763168400133,1.25e-05
1763172000009,1.25e-05
1763175600036,1.25e-05
1763179200065,1.25e-05
1763182800009,1.25e-05
1763186400014,1.25e-05
1763190000047,1.25e-05
1763193600089,1.25e-05
1763197200051,1.25e-05
1763200800102,1.25e-05
1763204400069,1.25e-05
1763208000005,1.25e-05
1763211600021,1.25e-05
1763215200091,1.25e-05
1763218800034,1.25e-05
1763222400015,1.25e-05
1763226000035,1.25e-05
1763229600023,1.25e-05
1763233200004,1.25e-05
1763236800052,1.25e-05
1763240400109,1.25e-05
1763244000042,1.25e-05
1763247600047,1.25e-05
1763251200002,1.25e-05
1763254800042,1.25e-05
1763258400028,1.25e-05
1763262000028,1.25e-05
1763265600042,1.25e-05
1763269200061,1.25e-05
1763272800020,1.25e-05
1763276400060,1.25e-05
1763280000087,1.25e-05
1763283600076,1.25e-05
1763287200068,1.25e-05
1763290800119,1.25e-05
1763294400087,1.25e-05
1763298000043,1.25e-05
1763301600073,1.25e-05
1763305200030,1.25e-05
1763308800012,1.25e-05
1763312400053,1.25e-05
1763316000003,1.25e-05
1763319600068,1.25e-05
1763323200033,1.25e-05
1763326800059,1.25e-05
1763330400007,1.25e-05
1763334000049,1.25e-05
1763337600032,1.25e-05
1763341200020,1.25e-05
1763344800028,1.25e-05
1763348400050,1.25e-05
1763352000026,1.25e-05
1763355600122,1.25e-05
1763359200073,1.25e-05
1763362800069,1.25e-05
1763366400018,1.25e-05
1763370000061,1.25e-05
1763373600009,1.25e-05
1763377200051,1.25e-05
1763380800042,1.25e-05
1763384400062,1.25e-05
1763388000072,1.25e-05
1763391600017,1.25e-05
1763395200091,1.25e-05
1763398800031,1.25e-05
1763402400033,1.25e-05
1763406000029,1.25e-05
1763409600047,1.25e-05
1763413200069,1.25e-05
1763416800074,1.42306e-05
1763420400045,2.46949e-05
1763424000005,2.33636e-05
1763427600008,1.25e-05
1763431200088,1.25e-05
1763434800016,1.25e-05
1763438400090,1.25e-05
1763442000014,1.25e-05
1763445600071,1.25e-05
1763449200106,1.25e-05
1763452800038,1.25e-05
1763456400045,1.25e-05
1763460000075,1.25e-05
1763463600001,1.25e-05
1763467200035,1.25e-05
1763470800032,1.25e-05
1763474400037,1.25e-05
1763478000046,1.25e-05
1763481600046,1.25e-05
1763485200013,1.25e-05
1763488800026,1.25e-05
1763492400025,1.25e-05
1763496000006,1.25e-05
1763499600030,1.25e-05
1763503200011,1.25e-05
1763506800026,1.25e-05
1763510400026,1.25e-05
1763514000092,1.25e-05
1763517600049,1.25e-05
1763521200012,1.25e-05
1763524800054,1.25e-05
1763528400003,1.25e-05
1763532000026,1.25e-05
1763535600048,1.25e-05
1763539200018,1.25e-05
1763542800048,1.25e-05
1763546400012,1.25e-05
1763550000095,1.25e-05
1763553600026,1.25e-05
1763557200042,1.25e-05
1763560800002,1.25e-05
1763564400004,1.25e-05
1763568000036,1.25e-05
1763571600080,1.25e-05
1763575200054,1.25e-05
1763578800006,1.25e-05
1763582400045,1.25e-05
1763586000018,1.25e-05
1763589600034,1.25e-05
1763593200027,1.25e-05
1763596800071,1.25e-05
1763600400114,1.25e-05
1763604000030,1.25e-05
1763607600050,1.25e-05
1763611200005,1.25e-05
1763614800045,1.25e-05
1763618400003,1.25e-05
1763622000046,1.25e-05
1763625600000,1.25e-05
1763629200039,1.25e-05
1763632800112,1.25e-05
1763636400052,1.25e-05
1763640000004,1.25e-05
1763643600051,1.25e-05
1763647200045,1.25e-05
1763650800022,1.25e-05
1763654400039,1.25e-05
1763658000059,1.25e-05
1763661600035,1.25e-05
1763665200088,1.25e-05
1763668800054,1.25e-05
1763672400000,1.25e-05
1763676000129,1.25e-05
1763679600006,1.25e-05
1763683200037,1.25e-05
1763686800053,1.25e-05
1763690400169,1.25e-05
1763694000141,1.25e-05
1763697600006,1.25e-05
1763701200005,1.25e-05
1763704800054,1.25e-05
1763708400092,1.25e-05
1763712000103,1.25e-05
1763715600003,1.25e-05
1763719200007,1.25e-05
1763722800009,1.25e-05
1763726400005,1.25e-05
1763730000102,1.25e-05
1763733600044,1.25e-05
1763737200047,1.25e-05
1763740800015,1.25e-05
1763744400023,1.25e-05
1763748000006,1.25e-05
1763751600093,1.25e-05
1763755200034,1.25e-05
1763758800031,1.25e-05
1763762400066,1.25e-05
1763766000002,1.25e-05
1763769600049,1.25e-05
1763773200034,1.25e-05
1763776800035,1.22812e-05
1763780400083,7.5308e-06
1763784000070,4.5466e-06
1763787600036,6.1805e-06
1763791200033,9.5433e-06
1763794800060,1.25e-05
1763798400063,1.10852e-05
1763802000011,8.4021e-06
1763805600052,1.12494e-05
1763809200092,9.527e-06
1763812800045,7.8848e-06
1763816400078,5.7029e-06
1763820000013,1.20285e-05
1763823600010,1.25e-05
1763827200011,1.25e-05
1763830800019,1.25e-05
1763834400003,1.25e-05
1763838000027,1.25e-05
1763841600045,1.25e-05
1763845200055,1.25e-05
1763848800053,1.25e-05
1763852400085,1.25e-05
1763856000020,1.25e-05
1763859600093,1.25e-05
1763863200046,1.25e-05
1763866800024,1.25e-05
1763870400004,1.25e-05
1763874000012,1.25e-05
1763877600007,1.16402e-05
1763881200051,1.25e-05
1763884800064,1.25e-05
1763888400008,1.25e-05
1763892000023,1.25e-05
1763895600097,1.25e-05
1763899200010,1.25e-05
1763902800086,1.25e-05
1763906400004,1.25e-05
1763910000040,1.25e-05
1763913600021,1.25e-05
1763917200005,8.0694e-06
1763920800020,8.7514e-06
1763924400042,2.4753e-06
1763928000076,4.726e-06
1763931600083,1.162e-06
1763935200032,8.738e-06
1763938800050,1.25e-05
1763942400051,1.25e-05
1763946000030,1.25e-05
1763949600067,1.25e-05
1763953200010,8.976e-07
1763956800034,-1.26562e-05
1763960400042,-1.66619e-05
1763964000036,-4.7244e-06
1763967600028,-4.9192e-06
1763971200025,-2.8249e-06
1763974800049,-2.6129e-06
1763978400007,-2.9858e-06
1763982000049,1.25e-05
1763985600056,1.25e-05
1763989200014,1.25e-05
1763992800035,1.25e-05
1763996400015,1.25e-05
1764000000011,1.25e-05
1764003600041,1.25e-05
1764007200097,3.5457e-06
1764010800065,-3.4246e-06
1764014400083,-1.0585e-06
1764018000134,-8.0353e-06
1764021600018,-2.4263e-05
1764025200013,-1.18884e-05
1764028800027,-2.14094e-05
1764032400029,-6.074e-06
1764036000065,-4.8514e-06
1764039600062,-8.945e-07
1764043200057,2.2405e-06
1764046800061,6.4928e-06
1764050400056,-1.82167e-05
1764054000004,-3.15119e-05
1764057600000,-1.22056e-05
1764061200065,-9.968e-06
1764064800014,5.9896e-06
1764068400010,9.8413e-06
1764072000055,7.1414e-06
1764075600083,6.5858e-06
1764079200039,1.048e-07
1764082800004,6.0474e-06
1764086400060,8.5569e-06
1764090000006,1.19637e-05
1764093600054,1.25e-05
1764097200061,1.25e-05
1764100800015,1.13544e-05
1764104400012,1.25e-05
1764108000013,3.1421e-06
1764111600092,2.3559e-06
1764115200203,3.7423e-06
1764118800056,1.25e-05
1764122400030,1.25e-05
1764126000063,1.25e-05
1764129600014,6.1354e-06
1764133200044,8.9241e-06
1764136800016,8.524e-06
1764140400022,1.25e-05
1764144000098,1.25e-05
1764147600091,1.25e-05
1764151200025,6.5478e-06
1764154800023,1.2022e-05
1764158400100,1.25e-05
1764162000034,1.25e-05
1764165600047,1.25e-05
1764169200012,1.25e-05
1764172800062,1.25e-05
1764176400062,1.00552e-05
1764180000073,1.10458e-05
1764183600048,-7.5664e-06
1764187200065,1.475e-06
1764190800032,-4.3335e-06
1764194400029,-1.06171e-05
1764198000032,-7.9892e-06
1764201600024,-1.12507e-05
1764205200006,-1.2783e-05
1764208800090,-9.5328e-06
1764212400036,-5.7336e-06
1764216000062,5.988e-06
1764219600069,8.9297e-06
1764223200027,1.07609e-05
1764226800004,1.101e-05
1764230400031,1.25e-05
1764234000030,1.22002e-05
1764237600037,1.25e-05
1764241200006,4.3864e-06
1764244800056,-3.14e-07
1764248400129,-1.7584e-06
1764252000083,5.524e-07
1764255600013,-1.22e-08
1764259200038,1.7907e-06
1764262800030,7.6491e-06
1764266400008,1.25e-05
1764270000043,1.25e-05
1764273600031,8.8401e-06
1764277200068,6.0283e-06
1764280800021,1.03885e-05
1764284400015,1.11315e-05
1764288000003,1.25e-05
1764291600096,1.25e-05
1764295200007,1.09207e-05
1764298800026,7.9694e-06
1764302400060,9.286e-06
1764306000102,1.25e-05
1764309600089,1.25e-05
1764313200032,1.25e-05
1764316800007,1.25e-05
1764320400007,1.25e-05
1764324000046,1.25e-05
1764327600039,1.25e-05
1764331200055,1.25e-05
1764334800037,1.25e-05
1764338400032,1.25e-05
1764342000000,1.25e-05
1764345600028,1.25e-05
1764349200067,8.4391e-06
1764352800002,-6.398e-06
1764356400074,3.6463e-06
1764360000023,6.095e-06
1764363600034,-4.093e-06
1764367200030,-4.1531e-06
1764370800038,-4.8231e-06
1764374400025,-2.2781e-06
1764378000081,-3.8143e-06
1764381600015,-1.306e-07
1764385200061,-1.63e-06
1764388800003,5.35e-07
1764392400146,1.4345e-06
1764396000061,5.3555e-06
1764399600067,3.8546e-06
1764403200067,-9.567e-07
1764406800005,-1.5824e-06
1764410400028,1.8488e-06
1764414000053,3.3001e-06
1764417600000,3.3596e-06
1764421200051,7.773e-06
1764424800026,8.5989e-06
1764428400007,3.7875e-06
1764432000017,8.8223e-06
1764435600109,9.7222e-06
1764439200004,5.2202e-06
1764442800022,9.2174e-06
1764446400051,1.04648e-05
1764450000028,1.25e-05
1764453600035,1.25e-05
1764457200051,1.25e-05
1764460800082,9.4588e-06
1764464400030,1.25e-05
1764468000075,1.25e-05
1764471600044,1.25e-05
1764475200090,1.25e-05
1764478800004,1.25e-05
1764482400004,1.25e-05
1764486000045,1.25e-05
1764489600065,1.25e-05
1764493200051,1.12892e-05
1764496800075,1.00754e-05
1764500400070,9.0623e-06
1764504000054,7.603e-06
1764507600060,8.8323e-06
1764511200007,1.03821e-05
1764514800066,9.4251e-06
1764518400049,1.25e-05
1764522000046,1.25e-05
1764525600097,1.25e-05
1764529200015,1.25e-05
1764532800096,1.19559e-05
1764536400035,1.06458e-05
1764540000056,2.9362e-06
1764543600008,7.7055e-06
1764547200073,7.7341e-06
1764550800076,-5.2325e-06
1764554400003,6.9183e-06
1764558000027,2.5937e-06
1764561600028,1.5821e-06
1764565200048,2.844e-06
1764568800029,9.6077e-06
1764572400034,1.25e-05
1764576000014,1.25e-05
1764579600010,8.83e-06
1764583200038,6.4556e-06
1764586800036,8.099e-06
1764590400066,8.7804e-06
1764594000024,1.727e-06
1764597600024,1.6874e-06
1764601200067,1.0931e-06
1764604800069,4.8568e-06
1764608400021,2.0053e-06
1764612000060,-1.1052e-06
1764615600000,5.1607e-06
1764619200070,6.9032e-06
1764622800006,5.2745e-06
1764626400103,4.9283e-06
1764630000062,-1.01606e-05
1764633600052,-1.56551e-05
1764637200062,-9.7619e-06
1764640800027,-9.2898e-06
1764644400060,-1.02185e-05
1764648000023,-1.227e-05
1764651600061,-5.8877e-06
1764655200036,-3.2071e-06
1764658800001,-2.5383e-06
1764662400104,-5.5477e-06
1764666000038,-1.38144e-05
1764669600047,-4.6637e-06
1764673200037,-1.4975e-06
1764676800092,-4.674e-06
1764680400029,-7.3004e-06
1764684000078,-1.1028e-06
1764687600070,-1.5127e-06
1764691200048,-1.27284e-05
1764694800058,-2.687e-06
1764698400022,-6.4318e-06
1764702000027,-3.2944e-06
1764705600007,-2.99513e-05
1764709200115,-1.89205e-05
1764712800050,-1.23403e-05
1764716400064,-1.04144e-05
1764720000098,2.9533e-06
1764723600052,2.3033e-06
1764727200028,-1.1329e-06
1764730800017,1.25e-05
1764734400010,1.25e-05
1764738000062,1.25e-05
1764741600007,1.25e-05
1764745200016,1.25e-05
1764748800016,1.25e-05
1764752400099,1.25e-05
1764756000051,8.1785e-06
1764759600008,6.8379e-06
1764763200008,-3.2515e-06
1764766800033,-2.895e-07
1764770400068,3.1558e-06
1764774000020,2.9226e-06
1764777600116,1.20028e-05
1764781200035,1.25e-05
1764784800043,1.25e-05
1764788400000,1.25e-05
1764792000036,1.25e-05
1764795600027,1.25e-05
1764799200024,1.25e-05
1764802800029,1.25e-05
1764806400032,1.25e-05
1764810000010,4.6096e-06
1764813600079,8.1776e-06
1764817200010,4.6778e-06
1764820800038,1.7987e-06
1764824400064,1.6075e-06
1764828000059,-3.7103e-06
1764831600011,3.896e-07
1764835200049,4.7694e-06
1764838800085,4.9384e-06
1764842400081,3.2715e-06
1764846000050,2.3771e-06
1764849600031,4.2056e-06
1764853200064,4.3666e-06
1764856800041,5.3511e-06
1764860400047,7.7289e-06
1764864000010,1.25e-05
1764867600054,1.25e-05
1764871200008,1.0494e-05
1764874800044,1.04994e-05
1764878400021,6.737e-06
1764882000078,9.152e-06
1764885600034,6.5134e-06
1764889200015,8.577e-06
1764892800002,5.0222e-06
1764896400035,-4.765e-07
1764900000021,5.704e-07
1764903600048,9.6382e-06
1764907200066,1.25e-05
1764910800044,1.25e-05
1764914400033,1.25e-05
1764918000050,1.25e-05
1764921600032,1.25e-05
1764925200019,1.25e-05
1764928800035,9.1823e-06
1764932400077,1.25e-05
1764936000030,1.08271e-05
1764939600062,5.8265e-06
1764943200047,8.6619e-06
1764946800036,8.6967e-06
1764950400000,-3.7007e-06
1764954000026,1.1741e-06
1764957600054,9.718e-06
1764961200086,2.1319e-06
1764964800004,4.0346e-06
1764968400036,2.7057e-06
1764972000035,-2.849e-07
1764975600012,1.0629e-06
1764979200052,4.528e-06
1764982800110,6.8036e-06
1764986400011,1.10854e-05
1764990000053,8.2861e-06
1764993600025,9.9468e-06
1764997200044,8.0155e-06
1765000800010,7.4123e-06
1765004400052,8.0775e-06
1765008000049,7.2325e-06
1765011600050,5.8012e-06
1765015200024,1.00746e-05
1765018800005,7.154e-06
1765022400038,6.4125e-06
1765026000034,3.8988e-06
1765029600047,4.868e-07
1765033200028,-1.6024e-06
1765036800107,-1.8218e-06
1765040400025,-7.292e-07
1765044000046,-1.235e-06
1765047600065,-1.8064e-06
1765051200038,-2.4558e-06
1765054800067,2.9053e-06
1765058400120,-4.5724e-06
1765062000058,-1.01574e-05
1765065600005,-8.1786e-06
1765069200048,-5.8314e-06
1765072800012,-6.306e-06
1765076400047,-2.1084e-06
1765080000147,9.1e-08
1765083600081,-3.3813e-06
1765087200041,-1.605e-06
1765090800003,1.2178e-06
1765094400025,1.0707e-06
1765098000033,2.6248e-06
1765101600096,-3.3042e-06
1765105200107,-1.4461e-06
1765108800022,-1.2345e-05
1765112400015,-1.17766e-05
1765116000007,-8.4468e-06
1765119600003,-4.4116e-06
1765123200031,-2.6342e-06
1765126800002,-9.3514e-06
1765130400040,-3.6106e-06
1765134000096,-6.4286e-06
1765137600036,-5.4387e-06
1765141200009,-4.0363e-06
1765144800031,-7.9747e-06
1765148400067,2.981e-07
1765152000031,1.6e-06
1765155600152,1.2342e-06
1765159200010,2.903e-07
1765162800024,2.4247e-06
1765166400007,-8.317e-07
1765170000036,-8.919e-07
1765173600056,-1.3905e-06
1765177200006,3.521e-07
1765180800113,3.4545e-06
1765184400062,1.624e-07
1765188000041,7.4749e-06
1765191600085,5.0249e-06
1765195200019,4.0274e-06
1765198800077,4.135e-07
1765202400056,3.657e-07
1765206000011,2.6591e-06
1765209600037,7.7537e-06
1765213200037,6.9781e-06
1765216800053,3.9041e-06
1765220400047,3.2203e-06
1765224000021,2.8599e-06
1765227600150,4.2544e-06
1765231200004,5.0289e-06
1765234800059,1.7401e-06
1765238400087,1.2142e-06
1765242000022,1.1498e-06
1765245600045,1.7238e-06
1765249200064,1.0631e-06
1765252800033,-9.127e-07
1765256400043,-1.106e-07
1765260000001,2.4665e-06
1765263600090,2.3582e-06
1765267200041,3.1232e-06
1765270800045,-1.2225e-06
1765274400025,-1.3125e-06
1765278000029,7.013e-07
1765281600077,5.2972e-06
1765285200052,1.25e-05
1765288800043,1.25e-05
1765292400058,1.25e-05
1765296000007,1.25e-05
1765299600005,1.25e-05
1765303200021,5.4253e-06
1765306800066,4.5963e-06
1765310400008,8.1124e-06
1765314000033,3.0189e-06
1765317600103,2.2516e-06
1765321200008,3.8708e-06
1765324800013,1.04131e-05
1765328400046,8.1203e-06
1765332000101,1.0604e-05
1765335600000,1.25e-05
1765339200090,1.25e-05
1765342800079,1.25e-05
1765346400065,1.25e-05
1765350000025,1.25e-05
1765353600023,1.25e-05
1765357200031,1.25e-05
1765360800108,1.25e-05
1765364400050,1.1916e-05
1765368000051,6.7572e-06
1765371600033,4.9674e-06
1765375200003,1.22667e-05
1765378800139,1.25e-05
1765382400003,1.25e-05
1765386000019,1.25e-05
1765389600058,1.25e-05
1765393200036,1.25e-05
1765396800105,1.25e-05
1765400400013,6.4329e-06
1765404000057,1.23158e-05
1765407600000,4.3317e-06
1765411200043,3.3058e-06
1765414800002,5.041e-07
1765418400017,5.9717e-06
1765422000029,1.25e-05
1765425600035,1.25e-05
1765429200039,1.25e-05
1765432800044,1.25e-05
1765436400030,1.25e-05
1765440000002,1.17478e-05
1765443600086,1.25e-05
1765447200017,1.25e-05
1765450800074,1.25e-05
1765454400085,1.25e-05
1765458000016,1.25e-05
1765461600053,1.25e-05
1765465200033,1.25e-05
1765468800037,1.25e-05
1765472400009,1.25e-05
1765476000065,1.25e-05
1765479600050,1.25e-05
1765483200102,4.5767e-06
1765486800008,-2.0704e-06
1765490400002,1.25e-05
1765494000050,1.25e-05
1765497600018,1.25e-05
1765501200171,1.25e-05
1765504800053,1.25e-05
1765508400087,1.25e-05
1765512000006,1.25e-05
1765515600009,1.25e-05
1765519200066,1.25e-05
1765522800063,1.25e-05
1765526400062,1.25e-05
1765530000026,1.25e-05
1765533600066,1.25e-05
1765537200038,1.25e-05
1765540800034,1.25e-05
1765544400065,1.25e-05
1765548000016,1.25e-05
1765551600036,1.25e-05
1765555200063,1.25e-05
1765558800048,1.25e-05
1765562400100,1.25e-05
1765566000047,1.25e-05
1765569600061,1.25e-05
1765573200053,8.0833e-06
1765576800043,1.12089e-05
1765580400048,1.25e-05
1765584000091,1.25e-05
1765587600043,1.25e-05
1765591200027,1.25e-05
1765594800090,1.25e-05
1765598400011,1.25e-05
1765602000068,1.20162e-05
1765605600030,1.25e-05
1765609200002,8.2193e-06
1765612800054,1.15238e-05
1765616400047,1.25e-05
1765620000009,1.25e-05
1765623600027,1.25e-05
1765627200024,1.25e-05
1765630800079,1.25e-05
1765634400061,1.25e-05
1765638000113,1.25e-05
1765641600054,1.25e-05
1765645200085,1.25e-05
1765648800079,1.25e-05
1765652400003,1.25e-05
1765656000137,1.25e-05
1765659600031,1.25e-05
1765663200014,1.25e-05
1765666800022,1.25e-05
1765670400071,1.25e-05
1765674000077,1.25e-05
1765677600004,1.25e-05
1765681200045,1.25e-05
1765684800070,1.25e-05
1765688400007,1.25e-05
1765692000066,1.25e-05
1765695600048,1.25e-05
1765699200098,1.18711e-05
1765702800052,1.25e-05
1765706400041,1.05468e-05
1765710000121,1.0703e-06
1765713600014,-1.6686e-06
1765717200017,4.8361e-06
1765720800060,3.3066e-06
1765724400031,6.557e-06
1765728000070,2.131e-06
1765731600069,1.9863e-06
1765735200047,6.2461e-06
1765738800044,9.6375e-06
1765742400047,8.1333e-06
1765746000068,6.1986e-06
1765749600087,7.6293e-06
1765753200015,8.2866e-06
1765756800088,8.8308e-06
1765760400010,1.25e-05
1765764000047,1.25e-05
1765767600076,1.25e-05
1765771200021,1.25e-05
1765774800059,1.25e-05
1765778400047,4.6403e-06
1765782000042,-4.7247e-06
1765785600082,-5.2313e-06
1765789200059,-1.5001e-06
1765792800075,9.15e-07
1765796400123,-3.4668e-06
1765800000009,-4.8881e-06
1765803600004,-1.04049e-05
1765807200067,-7.3302e-06
1765810800001,-8.9505e-06
1765814400063,1.25e-05
1765818000112,1.25e-05
1765821600057,1.25e-05
1765825200060,1.25e-05
1765828800032,1.25e-05
1765832400059,1.25e-05
1765836000047,1.25e-05
1765839600069,1.25e-05
1765843200079,1.25e-05
1765846800072,1.25e-05
1765850400054,1.25e-05
1765854000051,1.25e-05
1765857600068,1.25e-05
1765861200036,1.25e-05
1765864800047,1.25e-05
1765868400012,1.25e-05
1765872000101,1.25e-05
1765875600077,1.25e-05
1765879200029,8.4387e-06
1765882800055,1.25e-05
1765886400047,1.25e-05
1765890000026,1.25e-05
1765893600003,7.882e-06
1765897200025,2.595e-07
1765900800075,-4.4996e-06
1765904400045,-4.1559e-06
1765908000063,-7.9638e-06
1765911600014,-1.09347e-05
1765915200180,-1.15013e-05
1765918800001,-6.943e-06
1765922400081,-3.603e-06
1765926000079,1.0551e-06
1765929600013,-6.8433e-06
1765933200109,-8.5656e-06
1765936800088,-7.1466e-06
1765940400065,-7.0765e-06
1765944000020,-6.6497e-06
1765947600122,-1.30682e-05
1765951200024,-8.9579e-06
1765954800010,-6.1917e-06
1765958400022,-3.6501e-06
1765962000055,7.345e-07
1765965600016,2.6898e-06
1765969200072,8.6368e-06
1765972800021,7.206e-06
1765976400083,2.5538e-06
1765980000018,5.8884e-06
1765983600040,7.8316e-06
1765987200034,1.25e-05
1765990800038,1.02279e-05
1765994400074,3.5633e-06
1765998000014,1.1345e-05
1766001600061,1.25e-05
1766005200032,1.25e-05
1766008800073,1.11411e-05
1766012400000,1.25e-05
1766016000033,1.25e-05
1766019600079,1.25e-05
1766023200030,1.25e-05
1766026800055,1.25e-05
1766030400029,1.25e-05
1766034000055,1.25e-05
1766037600044,1.25e-05
1766041200025,1.21449e-05
1766044800050,1.25e-05
1766048400003,1.25e-05
1766052000091,1.25e-05
1766055600056,1.25e-05
1766059200039,1.19147e-05
1766062800003,1.25e-05
1766066400026,1.25e-05
1766070000050,8.3868e-06
1766073600031,1.21597e-05
1766077200074,1.25e-05
1766080800080,8.3306e-06
1766084400016,8.5137e-06
1766088000077,2.188e-06
1766091600013,-6.9929e-06
1766095200073,-3.459e-07
1766098800067,9.1495e-06
1766102400067,1.07241e-05
1766106000032,1.05005e-05
1766109600061,1.25e-05
1766113200012,1.25e-05
1766116800009,1.25e-05
1766120400067,1.25e-05
1766124000047,9.3423e-06
1766127600033,6.67e-06
1766131200054,1.25e-05
1766134800013,8.6209e-06
1766138400046,8.9616e-06
1766142000006,1.15865e-05
1766145600061,1.25e-05
1766149200006,4.6948e-06
1766152800026,8.2957e-06
1766156400126,5.0453e-06
1766160000091,5.2025e-06
1766163600109,6.7152e-06
1766167200025,-1.52379e-05
1766170800014,-1.75496e-05
1766174400036,-1.26302e-05
1766178000021,-5.0261e-06
1766181600013,4.0235e-06
1766185200045,4.1155e-06
1766188800049,1.4887e-06
1766192400054,-6.0575e-06
1766196000052,-2.854e-07
1766199600088,-9.6376e-06
1766203200068,-1.02924e-05
1766206800010,-1.40902e-05
1766210400061,-3.4191e-06
1766214000016,-3.9477e-06
1766217600027,-9.521e-06
1766221200085,-8.355e-07
1766224800128,-4.2991e-06
1766228400020,-1.03978e-05
1766232000008,-6.6828e-06
1766235600029,-7.6435e-06
1766239200160,-8.7836e-06
1766242800007,-1.32085e-05
1766246400049,-7.8636e-06
1766250000090,-7.8637e-06
1766253600003,-4.7745e-06
1766257200040,1.3032e-06
1766260800009,3.4556e-06
1766264400059,4.586e-06
1766268000093,1.08956e-05
1766271600087,7.5638e-06
1766275200121,7.6255e-06
1766278800035,9.1153e-06
1766282400051,6.4979e-06
1766286000019,1.9012e-06
1766289600042,1.0297e-05
1766293200026,5.8553e-06
1766296800033,8.779e-06
1766300400023,7.4338e-06
1766304000005,5.1756e-06
1766307600041,4.7044e-06
1766311200026,7.574e-06
1766314800001,8.0292e-06
1766318400014,1.0825e-05
1766322000104,9.7774e-06
1766325600061,4.6548e-06
1766329200046,1.16999e-05
1766332800090,1.25e-05
1766336400081,9.5304e-06
1766340000005,7.6689e-06
1766343600103,7.8764e-06
1766347200004,1.25e-05
1766350800091,1.25e-05
1766354400043,1.25e-05
1766358000179,1.01163e-05
1766361600034,1.05287e-05
1766365200030,1.25e-05
1766368800054,1.07008e-05
1766372400057,9.2505e-06
1766376000017,1.25e-05
1766379600041,1.25e-05
1766383200079,1.25e-05
1766386800012,1.25e-05
1766390400066,1.25e-05
1766394000042,1.25e-05
1766397600028,1.25e-05
1766401200073,1.25e-05
1766404800028,1.25e-05
1766408400031,9.4677e-06
1766412000065,4.6993e-06
1766415600012,2.907e-06
1766419200031,1.9175e-06
1766422800050,3.2477e-06
1766426400030,1.2632e-06
1766430000006,-1.632e-07
1766433600046,-6.69e-06
1766437200000,3.265e-07
1766440800036,-1.6141e-06
1766444400053,-8.76e-06
1766448000002,-1.33338e-05
1766451600098,-9.6357e-06
1766455200053,-1.20261e-05
1766458800060,-6.3835e-06
1766462400059,1.2858e-06
1766466000066,2.6991e-06
1766469600065,3.5174e-06
1766473200033,7.982e-06
1766476800066,8.4996e-06
1766480400061,1.05426e-05
1766484000050,1.17634e-05
1766487600027,1.25e-05
1766491200062,1.25e-05
1766494800067,1.25e-05
1766498400025,1.25e-05
1766502000117,1.25e-05
1766505600036,1.25e-05
1766509200118,1.25e-05
1766512800008,1.25e-05
1766516400021,1.25e-05
1766520000206,1.25e-05
1766523600067,1.25e-05
1766527200021,1.25e-05
1766530800051,1.25e-05
1766534400088,1.25e-05
1766538000030,1.25e-05
1766541600077,1.25e-05
1766545200005,1.25e-05
1766548800045,1.25e-05
1766552400039,9.1053e-06
1766556000027,9.0267e-06
1766559600010,1.25e-05
1766563200074,1.17565e-05
1766566800035,1.06264e-05
1766570400079,1.25e-05
1766574000034,1.25e-05
1766577600028,1.25e-05
1766581200012,1.25e-05
1766584800025,1.25e-05
1766588400087,1.25e-05
1766592000002,1.25e-05
1766595600013,1.25e-05
1766599200037,1.25e-05
1766602800010,1.25e-05
1766606400012,1.25e-05
1766610000014,1.25e-05
1766613600001,1.25e-05
1766617200087,1.25e-05
1766620800009,1.25e-05
1766624400033,1.25e-05
1766628000085,1.25e-05
1766631600030,1.25e-05
1766635200034,1.25e-05
1766638800023,1.25e-05
1766642400056,1.25e-05
1766646000023,1.25e-05
1766649600045,1.25e-05
1766653200041,1.25e-05
1766656800018,1.25e-05
1766660400029,1.25e-05
1766664000064,1.25e-05
1766667600067,1.25e-05
1766671200102,1.25e-05
1766674800042,1.25e-05
1766678400058,1.25e-05
1766682000056,1.25e-05
1766685600010,1.25e-05
1766689200040,1.25e-05
1766692800060,1.25e-05
1766696400080,1.25e-05
1766700000003,1.25e-05
1766703600019,1.25e-05
1766707200022,1.25e-05
1766710800008,1.25e-05
1766714400062,1.25e-05
1766718000000,1.25e-05
1766721600056,1.04164e-05
1766725200092,1.10051e-05
1766728800012,5.7438e-06
1766732400039,1.25e-05
1766736000040,1.25e-05
1766739600017,8.5789e-06
1766743200113,1.15076e-05
1766746800164,1.1254e-05
1766750400040,8.4175e-06
1766754000030,1.03987e-05
1766757600015,1.02206e-05
1766761200077,1.23077e-05
1766764800036,1.25e-05
1766768400019,1.25e-05
1766772000088,1.25e-05
1766775600033,1.25e-05
1766779200045,1.25e-05
1766782800004,1.25e-05
1766786400040,1.25e-05
1766790000040,1.25e-05
1766793600023,1.25e-05
1766797200020,1.25e-05
1766800800019,1.25e-05
1766804400083,1.25e-05
1766808000000,1.25e-05
1766811600022,1.25e-05
1766815200022,1.25e-05
1766818800101,1.25e-05
1766822400049,1.25e-05
1766826000024,1.25e-05
1766829600051,1.25e-05
1766833200058,1.25e-05
1766836800048,1.25e-05
1766840400049,1.25e-05
1766844000129,1.25e-05
1766847600130,1.25e-05
1766851200019,1.25e-05
1766854800106,1.25e-05
1766858400021,1.25e-05
1766862000007,1.25e-05
1766865600057,1.25e-05
1766869200027,1.25e-05
1766872800034,1.25e-05
1766876400018,1.25e-05
1766880000072,1.25e-05
1766883600041,1.25e-05
1766887200027,1.25e-05
1766890800017,1.25e-05
1766894400024,1.25e-05
1766898000062,1.25e-05
1766901600060,1.25e-05
1766905200028,1.25e-05
1766908800040,1.25e-05
1766912400005,1.25e-05
1766916000074,1.25e-05
1766919600057,1.12763e-05
1766923200046,9.5366e-06
1766926800095,9.9639e-06
1766930400095,1.00635e-05
1766934000109,8.2579e-06
1766937600008,7.7423e-06
1766941200074,8.7033e-06
1766944800041,1.25e-05
1766948400019,1.25e-05
1766952000016,1.25e-05
1766955600047,1.25e-05
1766959200072,1.25e-05
1766962800045,1.25e-05
1766966400132,1.25e-05
1766970000082,1.25e-05
1766973600076,1.25e-05
1766977200049,1.25e-05
1766980800132,1.25e-05
1766984400006,1.25e-05
1766988000005,1.25e-05
1766991600018,1.25e-05
1766995200014,1.25e-05
1766998800030,1.25e-05
1767002400008,1.25e-05
1767006000098,1.25e-05
1767009600026,4.0066e-06
1767013200001,3.4954e-06
1767016800028,6.161e-06
1767020400031,1.25e-05
1767024000014,1.25e-05
1767027600019,1.25e-05
1767031200031,1.25e-05
1767034800026,1.25e-05
1767038400055,1.25e-05
1767042000006,1.25e-05
1767045600075,1.25e-05
1767049200040,1.25e-05
1767052800010,1.25e-05
1767056400049,1.25e-05
1767060000033,1.25e-05
1767063600041,1.25e-05
1767067200063,1.25e-05
1767070800069,1.25e-05
1767074400067,1.25e-05
1767078000062,1.25e-05
1767081600028,1.25e-05
1767085200045,1.25e-05
1767088800080,1.25e-05
1767092400054,1.25e-05
1767096000003,1.25e-05
1767099600121,1.25e-05
1767103200031,1.25e-05
1767106800036,1.25e-05
1767110400039,1.25e-05
1767114000051,9.776e-06
1767117600071,8.5988e-06
1767121200033,1.21099e-05
1767124800120,1.25e-05
1767128400041,1.25e-05
1767132000003,1.25e-05
1767135600047,1.25e-05
1767139200021,1.25e-05
1767142800022,1.25e-05
1767146400037,1.25e-05
1767150000053,1.25e-05
1767153600057,1.25e-05
1767157200011,1.25e-05
1767160800002,1.25e-05
1767164400029,1.25e-05
1767168000063,1.25e-05
1767171600019,1.25e-05
1767175200002,1.25e-05
1767178800050,1.25e-05
1767182400095,1.25e-05
1767186000002,1.25e-05
1767189600008,1.25e-05
1767193200015,1.25e-05
1767196800089,1.25e-05
1767200400072,1.25e-05
1767204000050,1.25e-05
1767207600053,1.25e-05
1767211200058,1.25e-05
1767214800043,1.25e-05
1767218400100,1.25e-05
1767222000093,1.25e-05
1767225600063,1.25e-05
1767229200053,1.25e-05
1767232800024,1.25e-05
1767236400012,1.25e-05
1767240000036,1.25e-05
1767243600040,1.25e-05
1767247200053,1.25e-05
1767250800011,1.25e-05
1767254400045,1.25e-05
1767258000098,1.25e-05
1767261600010,1.25e-05
1767265200034,1.25e-05
1767268800051,1.25e-05
1767272400101,1.25e-05
1767276000010,1.25e-05
1767279600003,1.25e-05
1767283200025,1.25e-05
1767286800034,1.25e-05
1767290400042,1.25e-05
1767294000029,1.25e-05
1767297600043,1.25e-05
1767301200069,1.25e-05
1767304800047,1.25e-05
1767308400023,1.25e-05
1767312000042,1.25e-05
1767315600032,1.25e-05
1767319200057,1.25e-05
1767322800019,1.25e-05
1767326400139,1.25e-05
1767330000110,1.21813e-05
1767333600022,1.25e-05
1767337200003,1.25e-05
1767340800081,1.25e-05
1767344400003,1.05918e-05
1767348000091,1.25e-05
1767351600048,5.7789e-06
1767355200042,5.329e-07
1767358800114,5.1975e-06
1767362400009,8.4142e-06
1767366000105,4.6961e-06
1767369600038,4.4126e-06
1767373200047,8.3593e-06
1767376800034,-1.5941e-06
1767380400026,4.711e-07
1767384000027,6.0741e-06
1767387600000,-4.5595e-06
1767391200042,-1.0285e-06
1767394800022,1.3348e-06
1767398400008,-2.8235e-06
1767402000018,4.0019e-06
1767405600008,3.5501e-06
1767409200074,3.7402e-06
1767412800011,4.915e-07
1767416400006,2.2977e-06
1767420000019,7.2188e-06
1767423600004,6.0963e-06
1767427200011,8.1292e-06
1767430800067,1.25e-05
1767434400026,1.25e-05
1767438000060,1.25e-05
1767441600095,1.25e-05
1767445200083,1.25e-05
1767448800043,1.25e-05
1767452400072,1.25e-05
1767456000044,1.00383e-05
1767459600083,1.25e-05
1767463200061,1.25e-05
1767466800032,1.25e-05
1767470400019,8.3607e-06
1767474000128,1.25e-05
1767477600077,1.25e-05
1767481200046,1.25e-05
1767484800024,1.25e-05
1767488400010,1.25e-05
1767492000026,8.1158e-06
1767495600011,6.9842e-06
1767499200063,8.2581e-06
1767502800060,9.9762e-06
1767506400066,1.22433e-05
1767510000031,1.25e-05
1767513600036,1.15467e-05
1767517200001,1.25e-05
1767520800051,4.9497e-06
1767524400051,2.5689e-06
1767528000052,3.4233e-06
1767531600062,3.7309e-06
1767535200019,2.501e-06
1767538800078,5.2562e-06
1767542400098,3.712e-06
1767546000020,6.8565e-06
1767549600054,8.6608e-06
1767553200024,9.9687e-06
1767556800062,8.8914e-06
1767560400000,1.04483e-05
1767564000037,8.0895e-06
1767567600111,1.25e-05
1767571200000,1.25e-05
1767574800014,1.25e-05
1767578400009,1.25e-05
1767582000010,1.25e-05
1767585600044,1.25e-05
1767589200042,1.24628e-05
1767592800026,1.25e-05
1767596400067,1.25e-05
1767600000060,1.25e-05
1767603600043,1.1345e-05
1767607200038,1.25e-05
1767610800040,1.25e-05
1767614400068,1.25e-05
1767618000054,1.25e-05
1767621600015,1.25e-05
1767625200020,1.25e-05
1767628800051,1.25e-05
1767632400085,4.954e-06
1767636000081,2.6185e-06
1767639600056,-1.971e-07
1767643200045,-4.0825e-06
1767646800022,-3.5464e-06
1767650400008,1.8134e-06
1767654000068,4.7033e-06
1767657600017,7.2612e-06
1767661200086,8.0533e-06
1767664800073,1.14052e-05
1767668400033,1.16812e-05
1767672000036,1.25e-05
1767675600075,1.25e-05
1767679200013,1.25e-05
1767682800008,8.5744e-06
1767686400066,1.25e-05
1767690000059,1.25e-05
1767693600012,1.25e-05
1767697200060,1.25e-05
1767700800017,1.25e-05
1767704400002,1.25e-05
1767708000046,1.25e-05
1767711600076,1.25e-05
1767715200036,1.25e-05
1767718800012,1.25e-05
1767722400001,1.25e-05
1767726000037,1.25e-05
1767729600018,1.25e-05
1767733200062,1.25e-05
1767736800005,1.25e-05
1767740400008,1.25e-05
1767744000119,1.25e-05
1767747600007,1.25e-05
1767751200010,1.25e-05
1767754800017,1.25e-05
1767758400033,1.91482e-05
1767762000087,2.4145e-05
1767765600009,1.25e-05
1767769200014,1.25e-05
1767772800062,1.25e-05
1767776400082,1.25e-05
1767780000029,1.25e-05
1767783600048,1.65057e-05
1767787200096,5.64481e-05
1767790800074,2.88674e-05
1767794400040,2.69142e-05
1767798000099,3.97461e-05
1767801600081,4.79239e-05
1767805200013,2.38663e-05
1767808800014,1.25e-05
1767812400055,1.25e-05
1767816000113,1.25e-05
1767819600117,1.25e-05
1767823200043,1.25e-05
1767826800090,1.25e-05
1767830400001,1.25e-05
1767834000035,1.25e-05
1767837600029,1.25e-05
1767841200014,1.25e-05
1767844800069,1.25e-05
1767848400155,1.25e-05
1767852000094,1.25e-05
1767855600010,1.25e-05
1767859200089,1.25e-05
1767862800077,1.25e-05
1767866400037,1.25e-05
1767870000015,1.25e-05
1767873600137,1.25e-05
1767877200040,1.25e-05
1767880800000,1.25e-05
1767884400106,1.25e-05
1767888000063,1.25e-05
1767891600004,1.25e-05
1767895200008,1.25e-05
1767898800013,1.25e-05
1767902400098,1.25e-05
1767906000116,1.25e-05
1767909600008,1.25e-05
1767913200085,1.25e-05
1767916800020,1.25e-05
1767920400016,1.25e-05
1767924000063,1.25e-05
1767927600059,1.25e-05
1767931200100,1.25e-05
1767934800158,1.25e-05
1767938400046,1.25e-05
1767942000012,1.25e-05
1767945600028,1.25e-05
1767949200072,1.25e-05
1767952800077,1.25e-05
1767956400050,1.25e-05
1767960000041,1.25e-05
1767963600005,1.25e-05
1767967200032,1.25e-05
1767970800042,1.25e-05
1767974400002,1.25e-05
1767978000004,1.25e-05
1767981600018,1.25e-05
1767985200042,1.25e-05
1767988800065,1.25e-05
1767992400000,1.25e-05
1767996000018,1.25e-05
1767999600025,1.25e-05
1768003200103,1.25e-05
1768006800110,1.25e-05
1768010400064,1.25e-05
1768014000039,1.25e-05
1768017600085,1.25e-05
1768021200065,1.25e-05
1768024800034,1.25e-05
1768028400035,1.25e-05
1768032000072,1.25e-05
1768035600033,1.25e-05
1768039200024,1.25e-05
1768042800060,1.25e-05
1768046400034,1.25e-05
1768050000030,1.25e-05
1768053600051,1.25e-05
1768057200017,1.25e-05
1768060800003,1.25e-05
1768064400066,1.25e-05
1768068000054,1.25e-05
1768071600025,1.25e-05
1768075200081,1.25e-05
1768078800083,1.25e-05
1768082400025,1.25e-05
1768086000047,1.25e-05
1768089600007,1.25e-05
1768093200046,1.25e-05
1768096800078,1.25e-05
1768100400099,1.25e-05
1768104000011,1.25e-05
1768107600012,1.25e-05
1768111200038,1.25e-05
1768114800049,1.25e-05
1768118400066,1.25e-05
1768122000045,1.25e-05
1768125600103,1.25e-05
1768129200105,1.25e-05
1768132800018,1.25e-05
1768136400035,1.25e-05
1768140000034,1.25e-05
1768143600124,1.25e-05
1768147200122,4.5364e-06
1768150800061,9.759e-06
1768154400004,1.25e-05
1768158000023,9.8033e-06
1768161600002,1.02575e-05
1768165200010,1.25e-05
1768168800083,1.25e-05
1768172400127,1.25e-05
1768176000053,1.25e-05
1768179600080,1.25e-05
1768183200090,1.25e-05
1768186800016,1.25e-05
1768190400021,1.25e-05
1768194000027,1.25e-05
1768197600025,1.25e-05
1768201200061,1.25e-05
1768204800053,1.25e-05
1768208400088,1.25e-05
1768212000042,1.25e-05
1768215600003,1.25e-05
1768219200088,1.25e-05
1768222800053,1.25e-05
1768226400107,1.25e-05
1768230000059,1.25e-05
1768233600040,1.25e-05
1768237200086,1.25e-05
1768240800057,5.2117e-06
1768244400008,-2.1591e-06
1768248000098,-1.8426e-06
1768251600078,-2.0593e-06
1768255200075,-6.7e-06
1768258800024,-9.3532e-06
1768262400109,-7.2182e-06
1768266000121,-6.014e-07
1768269600017,4.796e-07
1768273200043,9.312e-07
1768276800068,1.3279e-06
1768280400079,8.8481e-06
1768284000029,1.25e-05
1768287600089,1.25e-05
1768291200032,1.25e-05
1768294800003,1.25e-05
1768298400232,1.25e-05
1768302000011,1.25e-05
1768305600032,1.25e-05
1768309200083,1.25e-05
1768312800043,1.25e-05
1768316400051,1.25e-05
1768320000100,1.25e-05
1768323600039,1.25e-05
1768327200042,1.25e-05
1768330800031,1.25e-05
1768334400005,1.10475e-05
1768338000017,6.783e-06
1768341600000,-1.611e-07
1768345200037,1.25e-05
1768348800057,4.8368e-06
1768352400019,4.1113e-06
1768356000050,3.9134e-06
1768359600053,7.1098e-06
1768363200063,3.9885e-06
1768366800023,1.7512e-06
1768370400066,-4.3451e-06
1768374000099,9.3327e-06
1768377600062,1.25e-05
1768381200051,1.25e-05
1768384800015,1.25e-05
1768388400000,1.25e-05
1768392000043,1.25e-05
1768395600040,1.25e-05
1768399200084,1.25e-05
1768402800001,1.25e-05
1768406400013,1.25e-05
1768410000085,1.25e-05
1768413600113,1.25e-05
1768417200071,1.25e-05
1768420800090,1.25e-05
1768424400039,1.25e-05
1768428000018,1.25e-05
1768431600024,1.25e-05
1768435200028,1.25e-05
1768438800004,1.25e-05
1768442400052,1.25e-05
1768446000019,1.25e-05
1768449600018,1.25e-05
1768453200081,1.25e-05
1768456800021,1.25e-05
1768460400057,1.25e-05
1768464000029,1.25e-05
1768467600023,1.25e-05
1768471200082,1.25e-05
1768474800076,1.25e-05
1768478400028,1.25e-05
1768482000044,1.25e-05
1768485600054,1.25e-05
1768489200001,1.25e-05
1768492800020,1.25e-05
1768496400067,1.25e-05
1768500000062,1.25e-05
1768503600003,1.25e-05
1768507200057,1.25e-05
1768510800062,1.25e-05
1768514400033,1.25e-05
1768518000000,1.25e-05
1768521600092,1.25e-05
1768525200045,1.25e-05
1768528800007,1.25e-05
1768532400044,1.25e-05
1768536000096,1.25e-05
1768539600028,1.25e-05
1768543200013,1.25e-05
1768546800059,1.25e-05
1768550400044,1.25e-05
1768554000013,1.25e-05
1768557600073,1.25e-05
1768561200003,1.25e-05
1768564800005,1.25e-05
1768568400060,1.25e-05
1768572000084,1.25e-05
1768575600051,1.25e-05
1768579200040,1.25e-05
1768582800051,1.25e-05
1768586400045,1.25e-05
1768590000147,1.25e-05
1768593600078,1.25e-05
1768597200092,1.25e-05
1768600800120,1.25e-05
1768604400021,1.25e-05
1768608000037,1.25e-05
1768611600055,1.25e-05
1768615200090,1.25e-05
1768618800036,1.25e-05
1768622400003,1.25e-05
1768626000027,1.25e-05
1768629600104,1.25e-05
1768633200005,1.25e-05
1768636800022,1.25e-05
1768640400004,1.25e-05
1768644000039,1.25e-05
1768647600095,1.25e-05
1768651200021,1.25e-05
1768654800089,1.25e-05
1768658400030,1.25e-05
1768662000010,1.25e-05
1768665600102,1.25e-05
1768669200010,1.25e-05
1768672800066,1.25e-05
1768676400038,1.25e-05
1768680000073,1.25e-05
1768683600017,1.25e-05
1768687200036,1.25e-05
1768690800100,1.25e-05
1768694400017,1.25e-05
1768698000117,1.25e-05
1768701600061,1.25e-05
1768705200047,1.25e-05
1768708800062,1.25e-05
1768712400034,1.25e-05
1768716000066,1.25e-05
1768719600063,1.25e-05
1768723200106,1.25e-05
1768726800110,1.25e-05
1768730400047,1.25e-05
1768734000085,1.25e-05
1768737600016,1.25e-05
1768741200054,1.25e-05
1768744800035,1.25e-05
1768748400030,1.25e-05
1768752000021,1.25e-05
1768755600040,1.25e-05
1768759200067,1.25e-05
1768762800018,1.25e-05
1768766400055,1.25e-05
1768770000024,1.25e-05
1768773600042,1.25e-05
1768777200113,1.25e-05
1768780800034,1.25e-05
1768784400098,1.25e-05
1768788000001,1.25e-05
1768791600009,1.25e-05
1768795200051,1.25e-05
1768798800000,1.25e-05
1768802400033,1.25e-05
1768806000014,3.7811e-06
1768809600026,-3.1354e-06
1768813200012,1.01489e-05
1768816800012,1.25e-05
1768820400094,1.17311e-05
1768824000000,1.2368e-05
1768827600041,1.25e-05
1768831200040,1.25e-05
1768834800049,9.6471e-06
1768838400056,1.00925e-05
1768842000011,7.6751e-06
1768845600005,8.953e-06
1768849200012,5.9483e-06
1768852800025,7.105e-06
1768856400079,1.25e-05
1768860000033,4.6543e-06
1768863600040,-4.5685e-06
1768867200007,-9.0253e-06
1768870800011,-8.992e-07
1768874400057,-4.2163e-06
1768878000001,-1.11645e-05
1768881600167,-1.18502e-05
1768885200112,-1.09062e-05
1768888800064,-1.79404e-05
1768892400110,-4.4066e-05
1768896000010,-2.20249e-05
1768899600079,-2.66791e-05
1768903200046,-2.28699e-05
1768906800018,-1.69612e-05
1768910400064,-2.08182e-05
1768914000054,-1.81004e-05
1768917600109,-2.22034e-05
1768921200061,-1.47775e-05
1768924800047,-1.03666e-05
1768928400034,-6.5326e-06
1768932000037,1.25e-05
1768935600028,1.25e-05
1768939200020,1.25e-05
1768942800025,1.25e-05
1768946400005,1.25e-05
1768950000015,1.25e-05
1768953600063,1.25e-05
1768957200039,1.25e-05
1768960800038,1.25e-05
1768964400143,1.25e-05
1768968000034,1.25e-05
1768971600057,1.25e-05
1768975200014,1.25e-05
1768978800016,1.13914e-05
1768982400028,4.6296e-06
1768986000046,2.7104e-06
1768989600018,8.9516e-06
1768993200027,9.093e-06
1768996800031,4.0105e-06
1769000400094,-2.09604e-05
1769004000007,-1.19173e-05
1769007600012,-2.5157e-06
1769011200016,-1.0386e-05
1769014800079,-2.53967e-05
1769018400006,-1.20153e-05
1769022000021,-2.5832e-06
1769025600017,-1.0094e-06
1769029200045,1.17391e-05
1769032800093,-1.1509e-06
1769036400012,-6.1651e-06
1769040000068,-7.1632e-06
1769043600076,8.266e-07
1769047200069,-6.3379e-06
1769050800112,-1.1543e-06
1769054400005,-6.6586e-06
1769058000033,-3.5447e-06
1769061600029,-1.8197e-06
1769065200022,3.1321e-06
1769068800084,-1.065e-06
1769072400040,-2.7399e-06
1769076000057,4.5173e-06
1769079600047,6.2815e-06
1769083200063,4.0653e-06
1769086800020,2.5527e-06
1769090400092,1.2142e-06
1769094000007,-1.0713e-06
1769097600083,1.4261e-06
1769101200035,6.0027e-06
1769104800004,1.25e-05
1769108400016,1.25e-05
1769112000017,1.25e-05
1769115600096,2.9029e-06
1769119200013,-1.1276e-06
1769122800019,-2.98691e-05
1769126400009,-2.05783e-05
1769130000034,-1.77206e-05
1769133600028,-1.35495e-05
1769137200122,-1.11454e-05
1769140800017,-9.4639e-06
1769144400154,-1.20059e-05
1769148000112,-1.30646e-05
1769151600066,-6.0494e-06
1769155200100,-1.54881e-05
1769158800005,-1.10074e-05
1769162400058,-1.34951e-05
1769166000030,-9.1655e-06
1769169600029,1.9514e-06
1769173200018,-1.744e-07
1769176800013,-1.8252e-06
1769180400048,-1.28511e-05
1769184000010,-7.3694e-06
1769187600061,-9.8383e-06
1769191200037,-2.276e-06
1769194800047,1.7668e-06
1769198400055,2.7068e-06
1769202000085,-1.2559e-06
1769205600039,-7.8186e-06
1769209200085,-2.0339e-06
1769212800017,-8.2983e-06
1769216400061,-7.616e-07
1769220000093,8.935e-07
1769223600032,4.9582e-06
1769227200067,3.08e-08
1769230800043,-2.0843e-06
1769234400032,1.9596e-06
1769238000003,-2.0512e-06
1769241600030,1.802e-07
1769245200058,4.6393e-06
1769248800112,6.406e-07
1769252400027,6.7377e-06
1769256000100,9.8175e-06
1769259600080,1.03309e-05
1769263200016,2.7698e-06
1769266800060,-7.786e-07
1769270400092,-3.3649e-06
1769274000040,-1.28115e-05
1769277600011,-7.3085e-06
1769281200036,-5.639e-06
1769284800028,-1.73413e-05
1769288400012,-7.9062e-06
1769292000056,-1.12714e-05
1769295600017,-5.3917e-06
1769299200006,-8.0597e-06
1769302800021,-3.4454e-06
1769306400135,-2.5412e-06
1769310000054,1.7392e-06
1769313600109,-5.6269e-06
1769317200110,3.194e-06
1769320800117,1.5685e-06
1769324400059,-6.5226e-06
1769328000042,7.34e-08
1769331600055,2.592e-06
1769335200045,8.5815e-06
1769338800011,9.8049e-06
1769342400029,5.4194e-06
1769346000065,1.25e-05
1769349600031,1.25e-05
1769353200075,1.25e-05
1769356800012,8.1445e-06
1769360400013,6.6521e-06
1769364000020,4.8001e-06
1769367600010,8.8253e-06
1769371200016,1.25e-05
1769374800021,1.25e-05
1769378400063,1.25e-05
1769382000127,1.25e-05
1769385600127,1.25e-05
1769389200001,1.25e-05
1769392800026,1.25e-05
1769396400059,5.5348e-06
1769400000056,1.3933e-06
1769403600020,6.4133e-06
1769407200101,4.957e-06
1769410800055,7.831e-07
1769414400040,7.5441e-06
1769418000056,1.25e-05
1769421600060,1.20464e-05
1769425200055,1.12161e-05
1769428800081,1.18915e-05
1769432400000,7.473e-06
1769436000050,5.9619e-06
1769439600064,1.25e-05
1769443200006,1.25e-05
1769446800012,1.1485e-06
1769450400010,-3.8121e-06
1769454000045,5.915e-07
1769457600034,-2.275e-06
1769461200094,2.5877e-06
1769464800049,4.7135e-06
1769468400079,-9.065e-07
1769472000085,1.25e-05
1769475600073,3.2064e-06
1769479200052,9.3591e-06
1769482800012,1.25e-05
1769486400017,1.0995e-05
1769490000023,1.02996e-05
1769493600000,1.25e-05
1769497200049,1.14988e-05
1769500800092,1.25e-05
1769504400020,1.02269e-05
1769508000056,8.3385e-06
1769511600003,1.05006e-05
1769515200051,1.25e-05
1769518800006,9.5871e-06
1769522400041,8.003e-06
1769526000074,1.25e-05
1769529600103,1.10974e-05
1769533200024,1.25e-05
1769536800011,6.2818e-06
1769540400027,1.25e-05
1769544000082,1.17642e-05
1769547600015,1.25e-05
1769551200042,1.25e-05
1769554800015,1.25e-05
1769558400090,1.25e-05
1769562000024,1.25e-05
1769565600053,1.25e-05
1769569200047,1.25e-05
1769572800114,1.23754e-05
1769576400046,1.25e-05
1769580000127,1.18999e-05
1769583600070,1.25e-05
1769587200044,1.25e-05
1769590800042,1.25e-05
1769594400038,1.25e-05
1769598000016,1.25e-05
1769601600051,1.25e-05
1769605200094,1.25e-05
1769608800054,1.25e-05
1769612400003,1.25e-05
1769616000022,1.25e-05
1769619600048,9.4909e-06
1769623200020,1.25e-05
1769626800072,1.25e-05
1769630400063,1.09308e-05
1769634000108,8.6779e-06
1769637600010,1.25e-05
1769641200022,1.25e-05
1769644800027,1.25e-05
1769648400021,4.221e-06
1769652000049,3.5539e-06
1769655600013,5.6788e-06
1769659200038,1.25e-05
1769662800051,1.25e-05
1769666400048,1.25e-05
1769670000087,1.25e-05
1769673600047,1.25e-05
1769677200026,1.25e-05
1769680800066,7.4044e-06
1769684400051,1.25e-05
1769688000000,8.4364e-06
1769691600120,1.25e-05
1769695200011,1.25e-05
1769698800016,1.25e-05
1769702400059,1.25e-05
1769706000082,1.25e-05
1769709600099,1.25e-05
1769713200054,1.25e-05
1769716800035,1.25e-05
1769720400049,1.25e-05
1769724000059,1.25e-05
1769727600037,1.25e-05
1769731200022,1.25e-05
1769734800010,1.25e-05
1769738400075,4.5095e-06
1769742000038,-8.304e-07
1769745600028,7.86e-08
1769749200053,-2.5716e-06
1769752800084,2.4498e-06
1769756400117,-5.9905e-06
1769760000018,-7.8993e-06
1769763600103,-8.71e-07
1769767200049,-4.298e-06
1769770800108,-1.3601e-06
1769774400036,-1.3901e-06
1769778000025,8.0416e-06
1769781600033,1.25e-05
1769785200008,1.25e-05
1769788800054,5.5748e-06
1769792400105,4.4694e-06
1769796000037,1.25e-05
1769799600042,1.25e-05
1769803200041,1.25e-05
1769806800006,1.25e-05
1769810400001,1.25e-05
1769814000031,1.25e-05
1769817600171,1.25e-05
1769821200100,1.25e-05
1769824800068,1.25e-05
1769828400097,1.25e-05
1769832000012,1.25e-05
1769835600026,1.25e-05
1769839200002,9.6781e-06
1769842800010,1.01474e-05
1769846400049,6.7195e-06
1769850000076,1.25e-05
1769853600022,1.25e-05
1769857200050,1.25e-05
1769860800105,1.08167e-05
1769864400035,1.25e-05
1769868000027,1.25e-05
1769871600033,6.4638e-06
1769875200091,1.25e-05
1769878800030,1.21998e-05
1769882400057,-3.8611e-06
1769886000118,1.09358e-05
1769889600081,1.25e-05
1769893200058,1.25e-05
1769896800056,1.25e-05
1769900400088,1.25e-05
1769904000016,1.25e-05
1769907600017,1.25e-05
1769911200052,1.25e-05
1769914800047,1.25e-05
1769918400091,1.25e-05
1769922000008,1.25e-05
1769925600029,1.25e-05
1769929200060,1.25e-05
1769932800056,1.25e-05
1769936400000,1.25e-05
1769940000092,1.25e-05
1769943600017,1.25e-05
1769947200097,1.15331e-05
1769950800026,6.364e-06
1769954400096,7.215e-06
1769958000019,1.7702e-06
1769961600034,4.4877e-06
1769965200041,5.3523e-06
1769968800062,1.1733e-05
1769972400042,1.03155e-05
1769976000067,3.7766e-06
1769979600104,3.2314e-06
1769983200015,4.227e-06
1769986800006,4.1339e-06
1769990400059,-5.1235e-06
1769994000038,2.5014e-06
1769997600017,2.2263e-06
1770001200062,-4.4058e-06
1770004800064,-1.37156e-05
1770008400106,-4.0263e-06
1770012000074,-8.7695e-06
1770015600020,-8.1149e-06
1770019200007,-9.5544e-06
1770022800043,-5.869e-06
1770026400084,-5.1016e-06
1770030000047,-1.07794e-05
1770033600061,-6.193e-06
1770037200088,-3.9687e-06
1770040800065,-5.4321e-06
1770044400070,-1.27316e-05
1770048000041,-2.06174e-05
1770051600065,-2.47413e-05
1770055200066,-2.56344e-05
1770058800004,-1.78286e-05
1770062400023,-2.13987e-05
1770066000014,-2.19947e-05
1770069600099,-1.04821e-05
1770073200055,-9.7486e-06
1770076800013,-8.0147e-06
1770080400015,-1.7428e-06
1770084000012,-1.3655e-06
1770087600032,-5.1564e-06
1770091200038,-1.3276e-05
1770094800029,-1.8237e-05
1770098400000,-1.56483e-05
1770102000068,-5.7991e-06
1770105600057,7.745e-07
1770109200079,1.5339e-06
1770112800022,3.84e-08
1770116400065,-7.114e-07
1770120000118,-1.5443e-06
1770123600065,-1.0129e-06
1770127200040,-7.613e-07
1770130800025,-1.5966e-06
1770134400059,-5.07e-07
1770138000001,6.2457e-06
1770141600015,1.25e-05
1770145200059,1.25e-05
1770148800049,1.25e-05
1770152400031,1.25e-05
1770156000004,1.25e-05
1770159600056,1.07012e-05
1770163200018,1.23536e-05
1770166800045,8.5792e-06
1770170400022,1.25e-05
1770174000032,7.7661e-06
1770177600004,1.25e-05
1770181200055,1.25e-05
1770184800042,1.09098e-05
1770188400016,1.16536e-05
1770192000027,8.5649e-06
1770195600003,8.4335e-06
1770199200081,1.25e-05
1770202800016,9.9821e-06
1770206400120,1.25e-05
1770210000025,1.25e-05
1770213600004,1.03324e-05
1770217200071,1.25e-05
1770220800007,1.25e-05
1770224400105,1.25e-05
1770228000058,1.25e-05
1770231600028,1.25e-05
1770235200001,1.25e-05
1770238800072,1.25e-05
1770242400051,1.25e-05
1770246000022,1.25e-05
1770249600003,1.25e-05
1770253200010,1.25e-05
1770256800097,9.6567e-06
1770260400011,6.3034e-06
1770264000032,1.25e-05
1770267600057,1.25e-05
1770271200038,1.25e-05
1770274800008,1.25e-05
1770278400038,1.25e-05
1770282000023,1.25e-05
1770285600022,1.25e-05
1770289200046,1.25e-05
1770292800036,1.25e-05
1770296400013,1.25e-05
1770300000012,1.25e-05
1770303600079,1.25e-05
1770307200065,1.25e-05
1770310800004,1.25e-05
1770314400104,1.25e-05
1770318000030,1.25e-05
1770321600057,1.25e-05
1770325200013,1.25e-05
1770328800040,1.25e-05
1770332400019,1.25e-05
1770336000083,1.25e-05
1770339600049,2.3795e-06
1770343200026,6.4565e-06
1770346800050,9.5327e-06
1770350400075,2.461e-07
1770354000102,2.7544e-06
1770357600022,5.3234e-06
1770361200074,-1.25776e-05
1770364800037,1.0634e-06
1770368400042,-7.7625e-06
1770372000053,4.105e-07
1770375600032,-1.17338e-05
1770379200009,-6.4255e-06
1770382800032,-3.0178e-06
1770386400024,3.1771e-06
1770390000089,-6.8101e-06
1770393600036,-3.10356e-05
1770397200030,-4.98358e-05
1770400800086,-3.88053e-05
1770404400056,-4.52321e-05
1770408000016,-4.28544e-05
1770411600031,-6.93858e-05
1770415200032,-6.38099e-05
1770418800049,-4.09391e-05
1770422400064,-3.53026e-05
1770426000036,-3.02863e-05
1770429600026,-2.40166e-05
1770433200021,-2.61056e-05
1770436800104,-1.92406e-05
1770440400063,-2.45135e-05
1770444000036,-2.40432e-05
1770447600008,-2.52262e-05
1770451200048,-3.09566e-05
1770454800081,-2.54647e-05
1770458400020,-2.83961e-05
1770462000008,-2.28758e-05
1770465600031,-1.7879e-05
1770469200040,-1.46991e-05
1770472800008,-1.48933e-05
1770476400093,-1.12278e-05
1770480000146,-4.7811e-06
1770483600055,-1.26739e-05
1770487200022,-7.1781e-06
1770490800071,-7.958e-07
1770494400020,-5.304e-07
1770498000089,2.3038e-06
1770501600055,-2.5388e-06
1770505200038,-1.50223e-05
1770508800042,-1.95208e-05
1770512400003,-1.76852e-05
1770516000074,-4.8514e-06
1770519600113,-6.6366e-06
1770523200069,-7.9506e-06
1770526800059,-7.7288e-06
1770530400031,-9.8966e-06
1770534000038,-1.32035e-05
1770537600113,-8.129e-06
1770541200040,-4.674e-07
1770544800031,-6.3485e-06
1770548400068,-2.1486e-06
1770552000077,1.028e-07
1770555600011,-4.3874e-06
1770559200051,-1.7942e-06
1770562800041,1.2277e-06
1770566400023,2.7679e-06
1770570000043,6.8762e-06
1770573600023,4.6217e-06
1770577200070,1.24491e-05
1770580800046,9.4503e-06
1770584400059,1.1675e-06
1770588000049,1.9755e-06
1770591600015,3.3541e-06
1770595200009,4.7042e-06
1770598800034,-8.483e-07
1770602400118,2.6385e-06
1770606000004,5.8667e-06
1770609600091,1.20953e-05
1770613200037,5.119e-06
1770616800020,6.354e-06
1770620400026,4.03e-06
1770624000013,1.25e-05
1770627600040,1.00926e-05
1770631200131,3.4365e-06
1770634800088,-4.065e-06
1770638400030,-3.7766e-06
1770642000020,-5.3363e-06
1770645600015,-6.6233e-06
1770649200011,-4.503e-06
1770652800001,-5.4763e-06
1770656400038,-5.1538e-06
1770660000060,-5.9758e-06
1770663600023,-3.141e-06
1770667200059,5.741e-07
1770670800068,-6.3598e-06
1770674400065,-8.1345e-06
1770678000046,-8.4836e-06
1770681600013,-8.4721e-06
1770685200012,-8.7943e-06
1770688800055,2.3052e-06
1770692400057,7.593e-07
1770696000071,-8.851e-07
1770699600024,3.4612e-06
1770703200028,-1.5858e-06
1770706800090,2.3358e-06
1770710400018,-2.0671e-06
1770714000041,-6.102e-07
1770717600028,3.0861e-06
1770721200100,5.3797e-06
1770724800032,4.2948e-06
1770728400106,6.4047e-06
1770732000038,8.8389e-06
1770735600006,7.9829e-06
1770739200009,1.10484e-05
1770742800070,1.25e-05
1770746400065,1.25e-05
1770750000015,9.9318e-06
1770753600053,4.8965e-06
1770757200100,3.2795e-06
1770760800070,4.0221e-06
1770764400016,2.3661e-06
1770768000036,4.7743e-06
1770771600007,9.1847e-06
1770775200051,-2.49e-07
1770778800098,-7.525e-07
1770782400071,-9.684e-07
1770786000030,-2.7714e-06
1770789600005,1.3089e-06
1770793200062,-7.0252e-06
1770796800095,-1.5289e-06
1770800400114,2.3465e-06
1770804000048,3.2911e-06
1770807600086,4.2875e-06
1770811200022,1.25e-05
1770814800055,8.3496e-06
1770818400087,2.9384e-06
1770822000012,1.04502e-05
1770825600074,8.094e-06
1770829200077,1.4779e-06
1770832800062,1.6581e-06
1770836400045,-2.0681e-06
1770840000051,-1.0441e-06
1770843600053,-4.923e-06
1770847200067,-5.4302e-06
1770850800087,-9.5824e-06
1770854400006,-1.5481e-05
1770858000034,-1.75218e-05
1770861600037,-1.87874e-05
1770865200057,-1.50082e-05
1770868800004,-8.9305e-06
1770872400075,-1.19107e-05
1770876000077,-9.3717e-06
1770879600029,-9.6338e-06
1770883200036,-3.0226e-06
1770886800054,-2.5651e-06
1770890400022,-4.132e-06
1770894000008,-2.584e-07
1770897600064,8.819e-06
1770901200056,5.6285e-06
1770904800023,9.6142e-06
1770908400004,8.1054e-06
1770912000043,1.25e-05
1770915600026,1.25e-05
1770919200015,1.25e-05
1770922800053,1.25e-05
1770926400037,1.25e-05
1770930000043,1.25e-05
1770933600010,1.25e-05
1770937200072,1.25e-05
1770940800092,1.25e-05
1770944400083,1.20995e-05
1770948000050,1.25e-05
1770951600009,5.2265e-06
1770955200087,2.046e-07
1770958800083,7.013e-07
1770962400070,1.8907e-06
1770966000056,-1.2146e-06
1770969600018,-3.4497e-06
1770973200087,3.0545e-06
1770976800004,1.2519e-06
1770980400117,2.7761e-06
1770984000059,2.131e-07
1770987600040,2.886e-07
1770991200092,6.013e-07
1770994800081,6.919e-06
1770998400038,1.25e-05
1771002000023,1.0115e-05
1771005600120,7.3524e-06
1771009200063,1.25e-05
1771012800048,1.0865e-05
1771016400056,1.25e-05
1771020000018,1.25e-05
1771023600072,1.25e-05
1771027200041,1.25e-05
1771030800085,1.25e-05
1771034400103,7.5308e-06
1771038000007,1.25e-05
1771041600098,1.25e-05
1771045200016,1.25e-05
1771048800103,1.25e-05
1771052400037,1.25e-05
1771056000001,1.25e-05
1771059600050,1.25e-05
1771063200086,1.25e-05
1771066800026,1.25e-05
1771070400125,1.25e-05
1771074000083,1.25e-05
1771077600055,6.4703e-06
1771081200081,1.25e-05
1771084800035,1.25e-05
1771088400075,1.25e-05
1771092000102,1.25e-05
1771095600005,1.25e-05
1771099200071,1.25e-05
1771102800056,1.16681e-05
1771106400045,1.25e-05
1771110000022,1.25e-05
1771113600102,1.25e-05
1771117200052,8.8521e-06
1771120800088,7.7114e-06
1771124400093,4.3299e-06
1771128000058,1.25e-05
1771131600004,1.25e-05
1771135200027,1.25e-05
1771138800020,1.25e-05
1771142400027,1.25e-05
1771146000043,1.25e-05
1771149600001,9.5671e-06
1771153200015,1.00901e-05
1771156800014,1.25e-05
1771160400012,8.3914e-06
1771164000023,3.1641e-06
1771167600014,3.2833e-06
1771171200083,-3.5517e-06
1771174800027,3.0591e-06
1771178400006,8.8035e-06
1771182000023,9.3083e-06
1771185600060,1.25e-05
1771189200008,1.25e-05
1771192800058,1.25e-05
1771196400053,1.25e-05
1771200000071,1.25e-05
1771203600023,1.25e-05
1771207200070,7.1976e-06
1771210800088,1.06883e-05
1771214400033,3.6622e-06
1771218000025,7.8763e-06
1771221600006,2.754e-06
1771225200043,6.8515e-06
1771228800025,1.01416e-05
1771232400002,5.9846e-06
1771236000026,2.6715e-06
1771239600000,5.2887e-06
1771243200075,2.9843e-06
1771246800013,2.4751e-06
1771250400083,3.9743e-06
1771254000037,1.105e-06
1771257600099,3.6854e-06
1771261200019,4.4648e-06
1771264800138,-5.2042e-06
1771268400072,-4.076e-07
1771272000001,4.5058e-06
1771275600070,1.23127e-05
1771279200043,6.9964e-06
1771282800088,8.6635e-06
1771286400063,8.817e-06
1771290000070,1.02601e-05
1771293600032,4.519e-06
1771297200021,7.1753e-06
1771300800061,3.3437e-06
1771304400038,7.0648e-06
1771308000104,5.9076e-06
1771311600044,7.9845e-06
1771315200015,6.9525e-06
1771318800082,3.6649e-06
1771322400097,4.0877e-06
1771326000042,-2.2663e-06
1771329600044,-8.289e-07
1771333200044,2.1372e-06
1771336800063,4.4717e-06
1771340400062,6.6159e-06
1771344000071,1.18305e-05
1771347600038,1.0746e-05
1771351200030,1.25e-05
1771354800003,1.25e-05
1771358400062,1.25e-05
1771362000058,1.25e-05
1771365600051,1.25e-05
1771369200070,1.25e-05
1771372800021,1.25e-05
1771376400085,1.25e-05
1771380000067,1.25e-05
1771383600005,1.25e-05
1771387200016,1.25e-05
1771390800053,1.25e-05
1771394400013,1.25e-05
1771398000044,6.9158e-06
1771401600085,7.6073e-06
1771405200065,9.1486e-06
1771408800081,1.0137e-05
1771412400026,5.8722e-06
1771416000017,1.8573e-06
1771419600034,9.9123e-06
1771423200046,1.05879e-05
1771426800043,1.25e-05
1771430400046,1.25e-05
1771434000010,1.25e-05
1771437600003,9.5019e-06
1771441200072,-1.03773e-05
1771444800039,-1.01341e-05
1771448400040,-6.462e-06
1771452000035,2.437e-06
1771455600022,1.8529e-06
1771459200054,2.5987e-06
1771462800073,4.2484e-06
1771466400079,5.0923e-06
1771470000021,6.4821e-06
1771473600122,6.5879e-06
1771477200058,1.25e-05
1771480800072,1.07971e-05
1771484400126,1.10697e-05
1771488000040,1.25e-05
1771491600019,7.5569e-06
1771495200033,1.16041e-05
1771498800010,1.25e-05
1771502400062,1.25e-05
1771506000017,7.3441e-06
1771509600019,1.1221e-05
1771513200067,1.25e-05
1771516800026,1.25e-05
1771520400013,1.25e-05
1771524000000,1.25e-05
1771527600043,1.25e-05
1771531200009,1.25e-05
1771534800023,1.25e-05
1771538400022,1.25e-05
1771542000042,1.25e-05
1771545600035,1.25e-05
1771549200190,1.25e-05
1771552800054,1.25e-05
1771556400118,1.25e-05
1771560000085,1.25e-05
1771563600048,1.25e-05
1771567200033,1.25e-05
1771570800077,1.25e-05
1771574400069,1.25e-05
1771578000018,1.25e-05
1771581600018,1.25e-05
1771585200029,1.24569e-05
1771588800020,5.32e-06
1771592400001,6.9241e-06
1771596000062,1.25e-05
1771599600013,1.25e-05
1771603200044,7.7052e-06
1771606800002,4.0258e-06
1771610400056,1.11311e-05
1771614000125,1.25e-05
1771617600028,1.7113e-06
1771621200083,-5.714e-07
1771624800095,3.49e-07
1771628400033,4.3361e-06
1771632000011,1.7639e-06
1771635600131,-1.3796e-06
1771639200011,3.3262e-06
1771642800063,6.4306e-06
1771646400080,4.9147e-06
1771650000080,4.8647e-06
1771653600034,8.4629e-06
1771657200068,5.0089e-06
1771660800035,2.0309e-06
1771664400020,-2.665e-07
1771668000068,-2.0418e-06
1771671600028,-1.3155e-06
1771675200071,-3.5229e-06
1771678800019,-2.9268e-06
1771682400000,-2.3274e-06
1771686000011,-4.6184e-06
1771689600010,-4.5366e-06
1771693200060,-1.15307e-05
1771696800086,-9.3017e-06
1771700400111,-4.7001e-06
1771704000048,-9.3582e-06
1771707600024,-1.04287e-05
1771711200037,-9.2187e-06
1771714800054,-1.21438e-05
1771718400015,-1.36702e-05
1771722000084,-1.97873e-05
1771725600046,-8.6886e-06
1771729200056,-1.41337e-05
1771732800066,-1.05856e-05
1771736400123,-5.2734e-06
1771740000012,3.022e-07
1771743600039,1.1689e-06
1771747200009,2.6162e-06
1771750800017,7.5995e-06
1771754400091,8.7682e-06
1771758000056,8.2612e-06
1771761600075,7.5506e-06
1771765200038,1.19545e-05
1771768800048,1.25e-05
1771772400114,8.9852e-06
1771776000015,1.20666e-05
1771779600036,8.091e-06
1771783200075,4.969e-07
1771786800006,6.2171e-06
1771790400029,6.5074e-06
1771794000000,4.4258e-06
1771797600023,9.82e-07
1771801200093,-1.5923e-06
1771804800016,-5.9464e-06
1771808400004,-9.5652e-06
1771812000025,5.8472e-06
1771815600025,5.9345e-06
1771819200028,5.4135e-06
1771822800010,5.6009e-06
1771826400078,1.10023e-05
1771830000058,6.4498e-06
1771833600004,8.2246e-06
1771837200103,5.9766e-06
1771840800012,7.661e-06
1771844400010,6.123e-07
1771848000004,-5.0116e-06
1771851600080,-8.3763e-06
1771855200028,-9.3539e-06
1771858800059,-4.531e-06
1771862400045,-2.0331e-06
1771866000042,4.1918e-06
1771869600076,1.25e-05
1771873200053,1.25e-05
1771876800017,1.25e-05
1771880400054,1.25e-05
1771884000029,1.25e-05
1771887600037,1.25e-05
1771891200048,1.25e-05
1771894800134,1.25e-05
1771898400050,1.25e-05
1771902000046,5.5746e-06
1771905600015,8.3336e-06
1771909200026,7.4794e-06
1771912800085,1.12323e-05
1771916400076,1.00947e-05
1771920000022,1.15639e-05
1771923600048,1.25e-05
1771927200044,1.25e-05
1771930800020,1.25e-05
1771934400025,1.25e-05
1771938000047,1.25e-05
1771941600060,1.25e-05
1771945200057,1.25e-05
1771948800005,1.25e-05
1771952400049,1.25e-05
1771956000022,-7.6e-07
1771959600066,3.9714e-06
1771963200026,4.4999e-06
1771966800002,2.3461e-06
1771970400030,-2.05695e-05
1771974000078,-1.3576e-05
1771977600014,-1.44896e-05
1771981200032,-1.3095e-05
1771984800039,1.00786e-05
1771988400030,7.6837e-06
1771992000056,6.4998e-06
1771995600028,8.5683e-06
1771999200061,7.9712e-06
1772002800000,1.15878e-05
1772006400037,1.25e-05
1772010000060,1.0181e-05
1772013600029,8.4941e-06
1772017200055,5.0215e-06
1772020800008,-3.93e-08
1772024400008,1.17131e-05
1772028000023,1.11928e-05
1772031600051,1.25e-05
1772035200012,2.5835e-06
1772038800075,4.1614e-06
1772042400088,-7.7902e-06
1772046000128,-1.00079e-05
1772049600055,-7.7964e-06
1772053200015,-8.7729e-06
1772056800000,-8.4226e-06
1772060400045,-9.8566e-06
1772064000036,-6.8873e-06
1772067600091,-7.5521e-06
1772071200018,-5.4547e-06
1772074800060,-3.4477e-06
1772078400013,-1.5703e-06
1772082000058,8.9994e-06
1772085600099,4.8208e-06
1772089200021,4.4993e-06
1772092800072,1.25e-05
1772096400076,1.01537e-05
1772100000108,1.25e-05
1772103600073,1.25e-05
1772107200041,5.9675e-06
1772110800051,-1.7577e-06
1772114400019,-6.7917e-06
1772118000033,7.2061e-06
1772121600028,1.19802e-05
1772125200027,1.10541e-05
1772128800023,1.25e-05
1772132400009,1.25e-05
1772136000035,1.25e-05
1772139600019,1.25e-05
1772143200019,1.25e-05
1772146800054,1.25e-05
1772150400001,5.9437e-06
1772154000078,9.8703e-06
1772157600016,5.5964e-06
1772161200116,7.2649e-06
1772164800057,9.0446e-06
1772168400058,1.18849e-05
1772172000053,5.7384e-06
1772175600067,8.403e-06
1772179200017,6.2564e-06
1772182800026,7.7008e-06
1772186400074,1.25e-05
1772190000078,4.3233e-06
1772193600028,9.3432e-06
1772197200020,1.25e-05
1772200800036,1.25e-05
1772204400054,7.528e-06
1772208000132,9.6065e-06
1772211600041,9.4858e-06
1772215200037,-5.034e-06
1772218800012,-6.1853e-06
1772222400028,-5.6917e-06
1772226000037,-2.3766e-06
1772229600023,-6.3093e-06
1772233200014,-8.6467e-06
1772236800086,-3.7569e-06
1772240400090,-3.1098e-06
1772244000058,-4.5268e-06
1772247600012,-3.6773e-06
1772251200088,-9.8772e-06
1772254800063,-6.4397e-06
1772258400065,-6.9089e-06
1772262000026,-1.94227e-05
1772265600028,-1.55382e-05
1772269200012,-1.76998e-05
1772272800008,-3.06471e-05
1772276400008,-2.33124e-05
1772280000032,-2.70008e-05
1772283600035,-3.23758e-05
1772287200033,-2.06754e-05
1772290800021,-7.6687e-06
1772294400041,-1.78e-06
1772298000025,-1.5549e-06
1772301600015,2.1732e-06
1772305200074,4.3994e-06
1772308800039,1.1249e-06
1772312400041,2.1009e-06
1772316000035,1.0621e-06
1772319600066,7.72e-08
1772323200168,1.8723e-06
1772326800024,9.7737e-06
1772330400052,8.9086e-06
1772334000074,1.25e-05
1772337600034,1.25e-05
1772341200052,4.2426e-06
1772344800071,6.0385e-06
1772348400018,8.6278e-06
1772352000093,9.1305e-06
1772355600017,4.2297e-06
1772359200018,-1.13178e-05
1772362800017,-4.8228e-06
1772366400039,-1.7256e-06
1772370000054,-2.236e-07
1772373600029,5.55e-07
1772377200027,5.7302e-06
1772380800018,3.3034e-06
1772384400120,-2.7597e-06
1772388000070,-5.4687e-06
1772391600062,-7.1472e-06
1772395200026,-8.194e-06
1772398800065,-1.57652e-05
1772402400085,-1.7312e-05
1772406000005,-1.33577e-05
1772409600044,-3.8806e-06
1772413200048,3.1778e-06
1772416800044,3.731e-06
1772420400063,7.087e-07
1772424000048,4.3002e-06
1772427600071,5.1055e-06
1772431200062,2.4648e-06
1772434800054,-1.40785e-05
1772438400003,-4.6197e-06
1772442000091,-4.493e-07
1772445600007,-2.4781e-06
1772449200019,-1.7532e-06
1772452800016,-8.15e-07
1772456400034,-6.127e-06
1772460000035,2.012e-07
1772463600070,5.8162e-06
1772467200053,-6.583e-06
1772470800086,-1.34806e-05
1772474400025,-2.20042e-05
1772478000044,-7.447e-06
1772481600120,-1.07447e-05
1772485200038,-1.1182e-05
1772488800033,-6.7074e-06
1772492400068,-3.4761e-06
1772496000062,-1.5143e-05
1772499600052,-1.02083e-05
1772503200011,-9.0166e-06
1772506800058,-4.3214e-06
1772510400010,-3.2367e-06
1772514000074,-2.722e-06
1772517600050,7.8273e-06
1772521200069,1.25e-05
1772524800009,1.25e-05
1772528400114,1.25e-05
1772532000046,1.25e-05
1772535600006,1.25e-05
1772539200013,1.25e-05
1772542800012,1.25e-05
1772546400039,1.25e-05
1772550000007,1.25e-05
1772553600004,1.25e-05
1772557200041,1.25e-05
1772560800015,1.25e-05
1772564400049,1.25e-05
1772568000007,8.0873e-06
1772571600014,1.1931e-06
1772575200070,4.926e-07
1772578800016,5.3304e-06
1772582400034,4.7084e-06
1772586000049,4.6936e-06
1772589600060,2.4693e-06
1772593200052,4.3397e-06
1772596800001,2.986e-07
1772600400064,-4.868e-06
1772604000079,7.9757e-06
1772607600095,7.9232e-06
1772611200047,1.25e-05
1772614800010,1.25e-05
1772618400069,1.25e-05
1772622000024,-9.5213e-06
1772625600133,2.0584e-06
1772629200019,-7.344e-07
1772632800036,-1.31511e-05
1772636400023,-2.09528e-05
1772640000011,-1.53815e-05
1772643600095,-3.18571e-05
1772647200092,-3.02488e-05
1772650800093,-3.60062e-05
1772654400047,-1.93777e-05
1772658000048,-3.61459e-05
1772661600024,-3.18551e-05
1772665200045,-2.61447e-05
1772668800022,-2.14716e-05
1772672400018,-2.16694e-05
1772676000139,-1.00028e-05
1772679600019,-1.41693e-05
1772683200027,-5.9594e-06
1772686800001,-2.2099e-06
1772690400037,-2.7814e-06
1772694000091,-6.8444e-06
1772697600033,-6.42e-08
1772701200063,3.5923e-06
1772704800091,-9.5804e-06
1772708400017,-4.4587e-06
1772712000003,5.1881e-06
1772715600009,6.5359e-06
1772719200024,-6.304e-06
1772722800039,-2.4213e-06
1772726400034,7.637e-07
1772730000083,1.02104e-05
1772733600048,1.20827e-05
1772737200052,1.25e-05
1772740800073,1.25e-05
1772744400042,1.25e-05
1772748000028,1.25e-05
1772751600029,1.25e-05
1772755200030,4.067e-06
1772758800082,-9.186e-07
1772762400006,-1.3902e-06
1772766000079,2.299e-07
1772769600026,5.5067e-06
1772773200112,7.1042e-06
1772776800019,5.5461e-06
1772780400028,6.544e-06
1772784000021,1.13476e-05
1772787600022,1.01837e-05
1772791200031,1.23572e-05
1772794800036,1.19609e-05
1772798400052,1.04767e-05
1772802000052,1.04954e-05
1772805600033,1.25e-05
1772809200037,1.25e-05
1772812800062,1.25e-05
1772816400089,1.25e-05
1772820000056,1.25e-05
1772823600066,1.25e-05
1772827200046,1.25e-05
1772830800021,1.25e-05
1772834400046,1.25e-05
1772838000092,1.25e-05
1772841600061,-9.787e-07
1772845200027,3.885e-06
1772848800050,6.1536e-06
1772852400045,6.6461e-06
1772856000014,4.7857e-06
1772859600052,7.8668e-06
1772863200070,3.6614e-06
1772866800068,-1.9997e-06
1772870400015,-1.53614e-05
1772874000005,-1.7096e-06
1772877600014,2.3251e-06
1772881200002,1.3615e-06
1772884800031,9.7247e-06
1772888400033,5.5211e-06
1772892000084,6.3895e-06
1772895600012,1.25e-05
1772899200014,1.25e-05
1772902800077,1.25e-05
1772906400110,1.25e-05
1772910000003,1.25e-05
1772913600010,1.25e-05
1772917200135,6.0019e-06
1772920800082,2.9066e-06
1772924400068,-5.526e-07
1772928000002,4.6809e-06
1772931600030,6.6085e-06
1772935200003,3.7714e-06
1772938800042,9.3321e-06
1772942400001,6.5568e-06
1772946000024,3.3368e-06
1772949600045,-1.8846e-06
1772953200036,9.709e-07
1772956800041,6.0921e-06
1772960400029,5.9499e-06
1772964000035,1.25e-05
1772967600036,2.2344e-06
1772971200021,-7.0633e-06
1772974800049,-2.7436e-06
1772978400061,7.754e-07
1772982000088,2.387e-07
1772985600024,-3.7864e-06
1772989200018,-4.4933e-06
1772992800004,2.4636e-06
1772996400000,-6.4438e-06
1773000000074,9.1177e-06
1773003600003,4.9044e-06
1773007200038,3.1826e-06
1773010800057,1.4108e-06
1773014400091,5.799e-07
1773018000052,-3.904e-07
1773021600016,1.25e-05
1773025200012,6.3277e-06
1773028800030,1.25e-05
1773032400088,1.25e-05
1773036000070,4.4339e-06
1773039600026,-4.4876e-06
1773043200094,5.0609e-06
1773046800114,1.6249e-06
1773050400108,1.05393e-05
1773054000050,2.64e-06
1773057600051,5.5969e-06
1773061200073,1.25e-05
1773064800061,1.05963e-05
1773068400084,2.4534e-06
1773072000075,-2.08571e-05
1773075600049,-1.20428e-05
1773079200036,-1.1366e-05
1773082800053,-1.43137e-05
1773086400002,-1.27375e-05
1773090000074,-2.701e-05
1773093600010,-2.88527e-05
1773097200038,-2.55138e-05
1773100800042,-2.66676e-05
1773104400084,-1.72365e-05
1773108000013,-1.59728e-05
1773111600052,3.8228e-06
1773115200041,8.1795e-06
1773118800054,8.1019e-06
1773122400137,1.25e-05
1773126000065,9.5142e-06
1773129600052,1.25e-05
1773133200017,1.15143e-05
1773136800060,-2.216e-07
1773140400011,-1.5428e-06
1773144000038,-1.65254e-05
1773147600061,-1.07166e-05
1773151200027,-9.7332e-06
1773154800083,1.0534e-06
1773158400045,-1.8341e-06
1773162000004,-4.0356e-06
1773165600018,-8.1635e-06
1773169200049,-1.39277e-05
1773172800050,-1.86044e-05
1773176400058,-1.40577e-05
1773180000068,-2.91618e-05
1773183600061,-2.67087e-05
1773187200088,-2.32418e-05
1773190800002,-2.38206e-05
1773194400098,-1.75876e-05
1773198000016,-1.65093e-05
1773201600038,-1.49835e-05
1773205200075,-3.2166e-06
1773208800135,-7.4715e-06
1773212400014,-7.0376e-06
1773216000056,-6.3068e-06
1773219600082,-4.4478e-06
1773223200084,-7.2378e-06
1773226800001,-2.6099e-06
1773230400013,-3.561e-06
1773234000063,-6.1629e-06
1773237600004,-3.5041e-06
1773241200051,-2.00795e-05
1773244800065,-1.78767e-05
1773248400068,-1.02141e-05
1773252000102,1.1185e-06
1773255600082,-3.8502e-06
1773259200026,-4.1747e-06
1773262800008,-2.01008e-05
1773266400035,-1.77791e-05
1773270000069,-1.89649e-05
1773273600084,-2.68833e-05
1773277200006,-1.90861e-05
1773280800080,-2.10963e-05
1773284400036,-2.32141e-05
1773288000065,-2.74503e-05
1773291600094,-2.58607e-05
1773295200108,-1.87987e-05
1773298800046,-7.2455e-06
1773302400068,-3.1802e-06
1773306000063,-1.0541e-05
1773309600013,-1.39819e-05
1773313200017,-1.21777e-05
1773316800106,-1.75484e-05
1773320400062,-1.13339e-05
1773324000110,-6.2875e-06
1773327600024,-7.9203e-06
1773331200064,-1.37243e-05
1773334800004,-1.1411e-05
1773338400004,-1.54659e-05
1773342000025,-1.6316e-05
1773345600165,-2.3487e-06
1773349200073,-3.067e-06
1773352800071,4.9648e-06
1773356400070,4.7659e-06
1773360000061,5.6573e-06
1773363600032,1.25e-05
1773367200025,1.25e-05
1773370800021,1.25e-05
1773374400099,1.25e-05
1773378000089,1.25e-05
1773381600064,1.25e-05
1773385200082,1.25e-05
1773388800016,1.25e-05
1773392400045,1.25e-05
1773396000034,1.25e-05
1773399600010,1.25e-05
1773403200009,1.25e-05
1773406800059,1.25e-05
1773410400032,1.25e-05
1773414000021,1.09666e-05
1773417600051,1.25e-05
1773421200044,9.6497e-06
1773424800052,2.764e-06
1773428400006,6.1587e-06
1773432000021,5.0563e-06
1773435600092,6.652e-06
1773439200005,-5.4255e-06
1773442800109,-3.7942e-06
1773446400044,-1.4407e-06
1773450000094,-6.6408e-06
1773453600100,-2.1686e-06
1773457200013,-2.644e-06
1773460800019,-5.0046e-06
1773464400095,-4.303e-07
1773468000072,-8.7722e-06
1773471600036,-1.16548e-05
1773475200041,-9.7827e-06
1773478800025,-4.9435e-06
1773482400098,-4.6682e-06
1773486000047,-3.8212e-06
1773489600020,6.5023e-06
1773493200042,-4.149e-07
1773496800076,2.2292e-06
1773500400009,-5.637e-06
1773504000100,-1.34852e-05
1773507600061,-7.2117e-06
1773511200018,-3.6147e-06
1773514800048,-9.6848e-06
1773518400035,-5.2613e-06
1773522000015,-4.867e-07
1773525600041,-1.3686e-06
1773529200044,7.334e-07
1773532800099,1.908e-06
1773536400102,3.767e-07
1773540000005,6.0004e-06
1773543600130,8.816e-06
1773547200040,4.1903e-06
1773550800066,1.1816e-06
1773554400010,7.497e-06
1773558000046,-1.3473e-06
1773561600003,3.0498e-06
1773565200067,1.8666e-06
1773568800003,-7.194e-07
1773572400039,-1.9984e-06
1773576000060,1.8182e-06
1773579600023,2.4409e-06
1773583200023,-1.3818e-06
1773586800084,-3.1914e-06
1773590400034,-1.9039e-06
1773594000036,-8.5903e-06
1773597600003,-6.3317e-06
1773601200127,-7.6477e-06
1773604800024,-9.7804e-06
1773608400083,-4.6183e-06
1773612000019,-1.173e-06
1773615600037,8.3336e-06
1773619200090,5.9444e-06
1773622800002,3.1175e-06
1773626400078,7.9138e-06
1773630000040,6.1335e-06
1773633600012,8.2868e-06
1773637200021,4.6873e-06
1773640800092,8.8292e-06
1773644400033,1.5592e-06
1773648000062,7.8916e-06
1773651600035,5.8945e-06
1773655200042,8.075e-06
1773658800013,1.00206e-05
1773662400013,9.4734e-06
1773666000000,5.7472e-06
1773669600099,8.4273e-06
1773673200013,9.179e-07
1773676800033,-7.708e-07
1773680400023,5.7376e-06
1773684000045,-3.7803e-06
1773687600080,-1.2951e-06
1773691200001,-3.387e-07
1773694800032,2.1021e-06
1773698400000,6.455e-06
1773702000003,8.324e-06
1773705600034,8.1541e-06
1773709200045,1.25e-05
1773712800050,1.25e-05
1773716400010,9.085e-07
1773720000073,-3.4631e-06
1773723600048,-4.2142e-06
1773727200113,2.996e-07
1773730800039,1.6595e-06
1773734400000,1.186e-07
1773738000002,4.2312e-06
1773741600075,1.96e-06
1773745200115,1.10205e-05
1773748800006,1.19201e-05
1773752400013,5.3702e-06
1773756000047,3.4784e-06
1773759600074,6.4573e-06
1773763200038,7.394e-07
1773766800054,-1.107e-07
1773770400071,3.9167e-06
1773774000018,2.2087e-06
1773777600034,7.4e-09
1773781200072,-2.6275e-06
1773784800003,7.5027e-06
1773788400011,1.2544e-06
1773792000028,-5.1104e-06
1773795600016,-2.4635e-06
1773799200026,4.6249e-06
1773802800060,-5.94e-07
1773806400054,1.8423e-06
1773810000001,-3.5377e-06
1773813600067,-1.20646e-05
1773817200033,-7.973e-07
1773820800005,-2.7449e-06
1773824400052,-2.58e-07
1773828000037,1.4663e-06
1773831600025,4.0737e-06
1773835200062,-4.0345e-06
1773838800007,-2.0644e-06
1773842400026,9.336e-06
1773846000035,1.1086e-05
1773849600009,1.25e-05
1773853200066,1.25e-05
1773856800052,1.25e-05
1773860400045,1.3294e-06
1773864000055,-1.7603e-06
1773867600050,-3.4063e-06
1773871200035,4.5656e-06
1773874800040,-7.8073e-06
1773878400090,-2.1465e-06
1773882000009,-9.5803e-06
1773885600012,-2.8962e-06
1773889200041,7.088e-07
1773892800010,2.6303e-06
1773896400090,-1.06893e-05
1773900000052,-3.082e-06
1773903600107,4.4915e-06
1773907200064,-1.36287e-05
1773910800026,-1.20166e-05
1773914400123,-1.55268e-05
1773918000052,-1.59813e-05
1773921600006,-2.00987e-05
1773925200045,-2.40413e-05
1773928800059,-1.04531e-05
1773932400002,-1.13106e-05
1773936000031,-4.9378e-06
1773939600011,8.1402e-06
1773943200049,5.4161e-06
1773946800024,3.0977e-06
1773950400037,1.25e-05
1773954000022,1.25e-05
1773957600001,1.25e-05
1773961200001,1.25e-05
1773964800103,1.25e-05
1773968400073,1.25e-05
1773972000053,1.25e-05
1773975600072,1.25e-05
1773979200004,1.25e-05
1773982800107,1.25e-05
1773986400096,1.25e-05
1773990000012,1.25e-05
1773993600003,1.25e-05
1773997200021,1.25e-05
1774000800063,1.25e-05
1774004400048,5.0084e-06
1774008000087,4.5852e-06
1774011600148,-3.395e-07
1774015200115,2.3908e-06
1774018800034,4.3917e-06
1774022400074,1.25e-05
1774026000075,8.7337e-06
1774029600035,1.07629e-05
1774033200044,3.9561e-06
1774036800034,1.04591e-05
1774040400007,-1.5605e-06
1774044000000,3.686e-07
1774047600047,5.4091e-06
1774051200093,3.6635e-06
1774054800011,1.0536e-06
1774058400032,2.1439e-06
1774062000013,7.6606e-06
1774065600040,3.7306e-06
1774069200041,3.9692e-06
1774072800066,2.2533e-06
1774076400010,6.8567e-06
1774080000075,9.8917e-06
1774083600064,6.7487e-06
1774087200000,7.118e-07
1774090800008,-1.6009e-06
1774094400094,-7.757e-07
1774098000015,-3.2966e-06
1774101600045,-1.451e-07
1774105200051,1.5556e-06
1774108800039,2.8338e-06
1774112400032,6.615e-07
1774116000020,-4.7359e-06
1774119600057,-3.9195e-06
1774123200073,7.371e-07
1774126800086,4.7611e-06
1774130400004,-6.2318e-06
1774134000026,-5.7182e-06
1774137600042,-1.3486e-05
1774141200020,-1.25725e-05
1774144800085,-1.46116e-05
1774148400085,-1.49755e-05
1774152000007,-1.92502e-05
1774155600062,-2.10606e-05
1774159200062,-1.97173e-05
1774162800088,-1.76049e-05
1774166400050,-1.78915e-05
1774170000062,-1.14472e-05
1774173600003,-8.9182e-06
1774177200044,-1.9705e-05
1774180800049,-2.38457e-05
1774184400046,-1.24875e-05
1774188000011,-7.1344e-06
1774191600042,-1.7923e-06
1774195200021,-3.9418e-06
1774198800006,-7.2514e-06
1774202400081,-6.4917e-06
1774206000039,-7.3259e-06
1774209600048,-1.18441e-05
1774213200082,-1.22332e-05
1774216800090,-9.1597e-06
1774220400049,7.8557e-06
1774224000261,4.6081e-06
1774227600069,3.8132e-06
1774231200040,6.3258e-06
1774234800111,4.79e-07
1774238400086,-1.1127e-06
1774242000014,5.8101e-06
1774245600068,3.2128e-06
1774249200043,4.8995e-06
1774252800066,3.4881e-06
1774256400071,2.5011e-06
1774260000081,8.833e-06
1774263600004,6.7721e-06
1774267200045,1.25e-05
1774270800056,-6.607e-07
1774274400053,8.6443e-06
1774278000071,-1.01033e-05
1774281600048,-8.4183e-06
1774285200080,1.5115e-06
1774288800041,-3.289e-06
1774292400054,-1.08936e-05
1774296000019,-1.22164e-05
1774299600090,-1.8801e-06
1774303200162,2.9838e-06
1774306800056,-7.5375e-06
1774310400027,5.1478e-06
1774314000082,3.681e-07
1774317600034,-5.253e-07
1774321200000,-2.4235e-06
1774324800016,1.898e-06
1774328400079,4.0513e-06
1774332000003,-9.47e-08
1774335600088,7.069e-06
1774339200033,1.18603e-05
1774342800051,1.14414e-05
1774346400105,1.12761e-05
1774350000045,5.3996e-06
1774353600096,3.6644e-06
1774357200028,8.142e-06
1774360800089,-4.3082e-06
1774364400033,1.807e-06
1774368000039,1.25e-05
1774371600061,5.4458e-06
1774375200062,1.6766e-06
1774378800040,1.25e-05
1774382400058,1.25e-05
1774386000159,1.25e-05
1774389600052,1.25e-05
1774393200069,1.25e-05
1774396800048,1.25e-05
1774400400110,1.25e-05
1774404000086,1.25e-05
1774407600069,1.25e-05
1774411200059,1.25e-05
1774414800076,1.25e-05
1774418400043,1.25e-05
1774422000053,1.25e-05
1774425600007,1.25e-05
1774429200057,1.25e-05
1774432800090,7.9959e-06
1774436400018,4.4183e-06
1774440000038,1.25e-05
1774443600032,1.25e-05
1774447200041,1.25e-05
1774450800062,1.25e-05
1774454400052,1.25e-05
1774458000022,1.25e-05
1774461600075,1.04689e-05
1774465200037,8.5923e-06
1774468800025,1.11853e-05
1774472400066,6.614e-06
1774476000023,8.2044e-06
1774479600072,6.8248e-06
1774483200035,6.5523e-06
1774486800006,7.4243e-06
1774490400139,6.4787e-06
1774494000114,5.2167e-06
1774497600110,4.4944e-06
1774501200097,-3.3895e-06
1774504800014,-5.3482e-06
1774508400009,9.1699e-06
1774512000094,4.5761e-06
1774515600075,4.6583e-06
1774519200001,-5.652e-07
1774522800072,-4.559e-07
1774526400020,-7.0203e-06
1774530000078,8.543e-07
1774533600066,1.06685e-05
1774537200018,1.25e-05
1774540800055,1.25e-05
1774544400026,1.25e-05
1774548000030,1.25e-05
1774551600003,1.25e-05
1774555200077,1.25e-05
1774558800031,1.25e-05
1774562400068,1.25e-05
1774566000071,1.25e-05
1774569600013,1.25e-05
1774573200004,1.25e-05
1774576800007,1.25e-05
1774580400045,1.25e-05
1774584000027,1.22543e-05
1774587600055,5.2236e-06
1774591200021,4.9013e-06
1774594800047,6.9427e-06
1774598400042,8.284e-06
1774602000078,8.003e-07
1774605600011,3.7928e-06
1774609200056,5.1628e-06
1774612800073,1.25e-05
1774616400020,1.17845e-05
1774620000027,9.0044e-06
1774623600082,1.25e-05
1774627200069,1.25e-05
1774630800063,1.25e-05
1774634400018,1.25e-05
1774638000017,1.25e-05
1774641600043,1.25e-05
1774645200064,1.25e-05
1774648800044,1.25e-05
1774652400008,1.25e-05
1774656000062,1.25e-05
1774659600004,1.25e-05
1774663200051,9.4371e-06
1774666800023,7.4705e-06
1774670400106,1.18226e-05
1774674000055,1.23005e-05
1774677600067,1.25e-05
1774681200039,1.25e-05
1774684800007,1.25e-05
1774688400008,1.25e-05
1774692000014,1.25e-05
1774695600095,1.25e-05
1774699200014,1.25e-05
1774702800013,1.25e-05
1774706400047,1.25e-05
1774710000042,1.25e-05
1774713600047,1.25e-05
1774717200074,1.25e-05
1774720800070,1.25e-05
1774724400007,1.25e-05
1774728000075,1.25e-05
1774731600036,1.25e-05
1774735200009,1.25e-05
1774738800040,1.25e-05
1774742400085,1.25e-05
1774746000068,1.25e-05
1774749600040,1.25e-05
1774753200050,1.25e-05
1774756800034,1.25e-05
1774760400054,1.25e-05
1774764000017,1.25e-05
1774767600047,1.25e-05
1774771200033,1.25e-05
1774774800036,1.25e-05
1774778400121,1.15721e-05
1774782000002,1.02047e-05
1774785600067,1.25e-05
1774789200056,1.16262e-05
1774792800026,8.286e-06
1774796400057,5.6677e-06
1774800000029,2.1557e-06
1774803600011,2.5916e-06
1774807200092,5.203e-07
1774810800066,5.75e-07
1774814400062,5.6449e-06
1774818000026,3.3764e-06
1774821600013,5.7004e-06
1774825200096,-5.2228e-06
1774828800038,-1.57495e-05
1774832400030,-4.543e-06
1774836000054,9.377e-07
1774839600013,2.0451e-06
1774843200074,6.2285e-06
1774846800056,3.9169e-06
1774850400089,3.106e-07
1774854000043,3.3157e-06
1774857600192,7.5939e-06
1774861200039,-3.7834e-06
1774864800052,-5.2841e-06
1774868400059,-6.1739e-06
1774872000038,-7.7824e-06
1774875600031,-8.2398e-06
1774879200046,-1.63514e-05
1774882800019,-1.59454e-05
1774886400071,-1.1154e-05
1774890000108,-1.57942e-05
1774893600051,-5.5803e-06
1774897200085,-1.49e-07
1774900800055,-7.4268e-06
1774904400095,-6.0769e-06
1774908000021,-7.7604e-06
1774911600066,-5.2778e-06
1774915200016,-1.0189e-05
1774918800038,-6.6604e-06
1774922400066,4.7264e-06
1774926000092,2.1244e-06
1774929600073,-3.865e-07
1774933200062,-1.2769e-06
1774936800022,-8.188e-07
1774940400045,-1.5006e-06
1774944000000,9.724e-07
1774947600056,4.704e-07
1774951200021,-3.2971e-06
1774954800032,-1.0542e-05
1774958400073,-3.5158e-06
1774962000030,2.504e-07
1774965600038,-2.0374e-06
1774969200043,3.6033e-06
1774972800025,-5.812e-06
1774976400030,-4.3957e-06
1774980000007,-1.51231e-05
1774983600051,-1.68316e-05
1774987200039,-1.73939e-05
1774990800026,-1.72815e-05
1774994400046,-1.06528e-05
1774998000029,-1.58361e-05
1775001600068,-6.5066e-06
1775005200022,-9.8538e-06
1775008800050,-9.9308e-06
1775012400044,-7.6419e-06
1775016000042,-4.9621e-06
1775019600057,6.439e-06
1775023200051,9.831e-06
1775026800039,6.4121e-06
1775030400062,1.3418e-06
1775034000046,1.6294e-06
1775037600050,4.3789e-06
1775041200068,-4.3524e-06
1775044800081,-1.9792e-06
1775048400011,-4.961e-06
1775052000131,-1.35247e-05
1775055600029,-1.16614e-05
1775059200078,-1.13304e-05
1775062800076,-1.24711e-05
1775066400071,-1.35994e-05
1775070000017,-2.7873e-06
1775073600045,-2.9708e-06
1775077200041,-1.22902e-05
1775080800030,-2.5444e-06
1775084400042,-6.1896e-06
1775088000177,-4.974e-06
1775091600004,-8.481e-07
1775095200060,-1.28285e-05
1775098800041,-1.70213e-05
1775102400059,-1.84969e-05
1775106000030,-2.07213e-05
1775109600039,-1.67052e-05
1775113200070,-8.1483e-06
1775116800129,-1.56101e-05
1775120400026,-1.87101e-05
1775124000051,-1.61506e-05
1775127600014,-1.76351e-05
1775131200021,-1.7389e-05
1775134800075,-1.4819e-05
1775138400049,-7.7121e-06
1775142000065,-1.15098e-05
1775145600040,-1.8183e-05
1775149200022,-1.66116e-05
1775152800037,-1.86432e-05
1775156400006,-6.7795e-06
1775160000023,-1.29105e-05
1775163600131,-7.3098e-06
1775167200013,-1.2129e-05
1775170800004,-5.2031e-06
1775174400021,-3.4961e-06
1775178000043,-8.756e-06
1775181600023,-1.17438e-05
1775185200048,-9.4356e-06
1775188800039,-4.1648e-06
1775192400086,-1.9187e-06
1775196000049,-5.3898e-06
1775199600028,-3.9951e-06
1775203200069,2.1797e-06
1775206800054,2.3172e-06
1775210400043,-1.2668e-06
1775214000041,-2.0454e-06
1775217600031,2.571e-06
1775221200058,-3.4859e-06
1775224800001,2.1759e-06
1775228400044,2.1913e-06
1775232000033,-2.439e-07
1775235600040,7.3292e-06
1775239200069,5.586e-07
1775242800026,1.76e-08
1775246400036,-5.0635e-06
1775250000048,1.6223e-06
1775253600031,6.5192e-06
1775257200039,2.048e-07
1775260800063,-4.3767e-06
1775264400014,2.3824e-06
1775268000021,-3.3649e-06
1775271600064,-9.3546e-06
1775275200011,-7.8242e-06
1775278800063,-3.1582e-06
1775282400057,1.0787e-06
1775286000051,-1.3441e-06
1775289600033,-7.4463e-06
1775293200008,-9.9428e-06
1775296800029,-6.5787e-06
1775300400050,-1.9715e-06
1775304000009,-4.6206e-06
1775307600107,-2.5731e-06
1775311200065,-1.3549e-05
1775314800008,-2.03073e-05
1775318400038,-1.87294e-05
1775322000041,-2.0357e-05
1775325600064,-1.3946e-05
1775329200012,-1.36321e-05
1775332800063,-5.1592e-06
1775336400037,-9.3827e-06
1775340000032,-1.30313e-05
1775343600014,-9.6876e-06
1775347200047,-1.28064e-05
1775350800058,-1.70056e-05
1775354400058,-1.73362e-05
1775358000014,-1.37947e-05
1775361600022,-1.46677e-05
1775365200024,-1.04796e-05
1775368800051,-1.56392e-05
1775372400048,-1.05732e-05
1775376000066,-2.63455e-05
1775379600017,-2.83484e-05
1775383200017,-2.45441e-05
1775386800024,-2.03716e-05
1775390400017,-2.33904e-05
1775394000047,-2.4988e-05
1775397600057,-1.60002e-05
1775401200081,-1.77249e-05
1775404800031,-1.22883e-05
1775408400049,-1.87636e-05
1775412000042,-1.89504e-05
1775415600041,-1.29609e-05
1775419200030,-1.47376e-05
1775422800003,-1.23999e-05
1775426400060,-1.83538e-05
1775430000020,-1.0037e-05
1775433600029,-9.8878e-06
1775437200040,-1.008e-06
1775440800000,2.9207e-06
1775444400049,6.3027e-06
1775448000002,2.5927e-06
1775451600047,9.294e-07
1775455200025,3.2501e-06
1775458800064,1.401e-06
1775462400053,6.1694e-06
1775466000012,1.09716e-05
1775469600006,1.20199e-05
1775473200016,1.25e-05
1775476800072,1.1844e-06
1775480400031,1.8709e-06
1775484000066,2.373e-06
1775487600048,1.7327e-06
1775491200056,5.337e-07
1775494800002,-1.14632e-05
1775498400039,-1.07763e-05
1775502000000,-1.10744e-05
1775505600078,-8.5887e-06
1775509200054,-4.5799e-06
1775512800043,-1.10394e-05
1775516400021,-1.46985e-05
1775520000046,2.6848e-06
1775523600015,-6.154e-06
1775527200012,-1.05452e-05
1775530800093,-1.8383e-06
1775534400017,4.6691e-06
1775538000006,6.365e-07
1775541600030,-1.351e-06
1775545200064,3.0901e-06
1775548800020,5.3322e-06
1775552400031,7.5588e-06
1775556000005,1.03327e-05
1775559600030,-2.5651e-06
1775563200037,8.904e-07
1775566800060,1.9494e-06
1775570400027,-2.6877e-06
1775574000041,-2.1088e-06
1775577600036,4.8385e-06
1775581200024,2.8201e-06
1775584800013,4.277e-06
1775588400017,7.655e-06
1775592000041,9.2327e-06
1775595600062,1.25e-05
1775599200029,1.25e-05
1775602800038,1.25e-05
1775606400094,1.25e-05
1775610000057,1.25e-05
1775613600043,1.25e-05
1775617200059,1.25e-05
1775620800012,1.25e-05
1775624400056,1.25e-05
1775628000065,1.25e-05
1775631600039,1.25e-05
1775635200005,1.25e-05
1775638800047,1.25e-05
1775642400004,1.25e-05
1775646000027,1.25e-05
1775649600000,1.25e-05
1775653200019,1.25e-05
1775656800064,1.25e-05
1775660400025,1.25e-05
1775664000054,1.25e-05
1775667600009,1.25e-05
1775671200046,1.25e-05
1775674800026,3.4689e-06
1775678400068,2.0265e-06
1775682000031,-1.8857e-06
1775685600010,1.4503e-06
1775689200039,6.67e-08
1775692800070,6.955e-07
1775696400023,-2.9114e-06
1775700000010,6.4058e-06
1775703600053,6.8484e-06
1775707200015,4.4593e-06
1775710800007,3.3565e-06
1775714400021,3.7106e-06
1775718000001,5.0594e-06
1775721600056,-2.1414e-06
1775725200008,4.1051e-06
1775728800006,2.56e-08
1775732400010,-1.088e-06
1775736000054,-1.0912e-05
1775739600004,-8.0506e-06
1775743200056,-1.17356e-05
1775746800041,-2.9466e-06
1775750400011,9.1331e-06
1775754000012,6.4545e-06
1775757600001,6.8748e-06
1775761200031,-2.006e-06
1775764800004,1.2403e-05
1775768400018,1.25e-05
1775772000000,1.25e-05
1775775600071,1.25e-05
1775779200062,1.09263e-05
1775782800013,1.25e-05
1775786400002,1.25e-05
1775790000040,1.25e-05
1775793600047,1.24855e-05
1775797200031,1.25e-05
1775800800026,1.25e-05
1775804400016,1.25e-05
1775808000000,1.25e-05
1775811600015,1.25e-05
1775815200028,1.25e-05
1775818800010,1.25e-05
1775822400057,1.25e-05
1775826000032,1.25e-05
1775829600008,1.18947e-05
1775833200005,6.6363e-06
1775836800053,6.922e-07
1775840400022,8.6392e-06
1775844000021,3.9722e-06
1775847600046,5.727e-06
1775851200009,-2.6853e-06
1775854800010,-3.8061e-06
1775858400079,-5.458e-07
1775862000055,4.277e-06
1775865600015,4.6499e-06
1775869200006,9.5494e-06
1775872800020,8.7099e-06
1775876400039,1.16345e-05
1775880000013,1.13298e-05
1775883600005,9.5026e-06
1775887200024,7.8637e-06
1775890800016,1.15181e-05
1775894400002,1.25e-05
1775898000042,1.25e-05
1775901600048,1.25e-05
1775905200040,1.00413e-05
1775908800055,1.25e-05
1775912400047,1.25e-05
1775916000001,1.25e-05
1775919600041,1.22872e-05
1775923200034,1.10529e-05
1775926800008,1.25e-05
1775930400033,1.25e-05
1775934000047,1.25e-05
1775937600023,1.25e-05
1775941200058,1.25e-05
1775944800036,1.25e-05
1775948400020,1.25e-05
1775952000067,1.25e-05
1775955600044,1.25e-05
1775959200031,1.15972e-05
1775962800029,-9.639e-07
1775966400055,6.559e-07
1775970000066,5.7136e-06
1775973600047,5.0413e-06
1775977200004,1.3929e-06
1775980800022,-4.2964e-06
1775984400049,8.785e-07
1775988000011,1.6313e-06
1775991600022,2.1298e-06
1775995200040,3.8558e-06
1775998800028,2.2916e-06
1776002400064,2.0863e-06
1776006000065,4.0129e-06
1776009600046,5.1847e-06
1776013200054,3.2047e-06
1776016800035,4.0099e-06
1776020400028,4.2025e-06
1776024000062,-3.27e-08
1776027600049,-8.5725e-06
1776031200058,-7.8976e-06
1776034800048,7.068e-07
1776038400013,3.0638e-06
1776042000031,6.3351e-06
1776045600001,5.5078e-06
1776049200056,8.6731e-06
1776052800056,5.4905e-06
1776056400032,1.7395e-06
1776060000007,-1.5848e-06
1776063600011,8.9837e-06
1776067200015,4.1716e-06
1776070800013,4.3437e-06
1776074400032,4.0844e-06
1776078000011,2.7186e-06
1776081600063,4.6852e-06
1776085200036,5.5829e-06
1776088800007,1.25e-05
1776092400114,-4.0823e-06
1776096000016,-1.09187e-05
1776099600028,-2.7289e-06
1776103200040,-6.8759e-06
1776106800055,-2.7777e-06
1776110400032,-4.5367e-06
1776114000038,-2.43527e-05
1776117600023,-8.2912e-06
1776121200008,1.20594e-05
1776124800020,1.25e-05
1776128400057,1.25e-05
1776132000017,1.25e-05
1776135600043,1.25e-05
1776139200009,1.25e-05
1776142800054,1.25e-05
1776146400057,1.25e-05
1776150000076,1.25e-05
1776153600066,1.25e-05
1776157200041,8.387e-06
1776160800010,-8.0086e-06
1776164400030,-9.8733e-06
1776168000053,-3.4099e-06
1776171600039,-4.3025e-06
1776175200012,-1.139e-07
1776178800056,-2.32732e-05
1776182400029,-2.40632e-05
1776186000057,-4.37798e-05
1776189600062,-3.41474e-05
1776193200040,-3.21675e-05
1776196800000,-3.04334e-05
1776200400003,-3.73029e-05
1776204000001,-3.87815e-05
1776207600021,-2.156e-05
1776211200015,-1.60079e-05
1776214800054,-1.41059e-05
1776218400036,-1.53487e-05
1776222000065,-1.61713e-05
1776225600053,-1.44376e-05
1776229200029,-5.1385e-06
1776232800060,-1.30892e-05
1776236400038,-1.48697e-05
1776240000009,-1.43471e-05
1776243600024,-3.4245e-06
1776247200027,-1.3056e-05
1776250800067,-7.343e-06
1776254400030,-7.9024e-06
1776258000008,-5.641e-07
1776261600035,5.29e-07
1776265200057,1.8175e-06
1776268800025,-1.6432e-06
1776272400022,-1.9967e-06
1776276000030,-6.709e-07
1776279600062,4.184e-07
1776283200014,-3.6571e-06
1776286800049,-1.44736e-05
1776290400067,-1.12141e-05
1776294000056,-5.6304e-06
1776297600044,-6.8305e-06
1776301200022,-3.6102e-06
1776304800010,-1.07555e-05
1776308400053,-4.9071e-06
1776312000006,-1.0613e-06
1776315600042,-4.679e-07
1776319200031,3.1269e-06
1776322800012,5.2702e-06
1776326400062,1.8609e-06
1776330000045,6.911e-07
1776333600004,6.716e-07
1776337200035,-3.0758e-06
1776340800042,-1.54264e-05
1776344400030,-1.62719e-05
1776348000019,-6.5127e-06
1776351600047,-9.1331e-06
1776355200051,1.2307e-06
1776358800013,2.5235e-06
1776362400034,2.9733e-06
1776366000064,9.8641e-06
1776369600016,1.11566e-05
1776373200025,3.2671e-06
1776376800043,-4.801e-07
1776380400041,3.268e-07
1776384000030,6.7867e-06
1776387600015,8.3384e-06
1776391200026,2.2463e-06
1776394800010,4.0032e-06
1776398400064,7.2651e-06
1776402000052,5.8203e-06
1776405600017,1.7514e-06
1776409200065,4.4795e-06
1776412800042,7.2612e-06
1776416400035,-3.57e-08
1776420000011,-2.0019e-06
1776423600038,-1.16745e-05
1776427200064,-1.28326e-05
1776430800036,-5.6944e-06
1776434400000,6.622e-07
1776438000059,-8.4281e-06
1776441600039,-2.20303e-05
1776445200046,-2.65216e-05
1776448800052,-1.55055e-05
1776452400019,-1.22773e-05
1776456000065,-1.1946e-05
1776459600012,-2.2665e-05
1776463200042,-1.11584e-05
1776466800022,-1.26582e-05
1776470400064,-1.8937e-05
1776474000049,-1.63757e-05
1776477600042,-1.50709e-05
1776481200031,-1.44502e-05
1776484800009,-1.2034e-05
1776488400060,-7.3326e-06
1776492000049,-1.0466e-05
1776495600028,-5.4072e-06
1776499200049,1.2496e-06
1776502800011,3e-10
1776506400020,-1.49217e-05
1776510000016,-2.6218e-06
1776513600034,-3.803e-07
1776517200047,2.1438e-06
1776520800018,7.28e-07
1776524400000,3.008e-07
1776528000001,-5.8545e-06
1776531600001,-7.1123e-06
1776535200050,-8.5786e-06
1776538800039,-2.45205e-05
1776542400037,-2.46542e-05
1776546000036,-1.76829e-05
1776549600011,-2.17784e-05
1776553200026,-2.12517e-05
1776556800053,-1.95831e-05
1776560400051,-2.06578e-05
1776564000028,-1.47201e-05
1776567600060,-8.834e-06
1776571200051,-7.7053e-06
1776574800046,-6.6869e-06
1776578400041,-5.7351e-06
1776582000002,-1.16717e-05
1776585600040,-8.3646e-06
1776589200041,3.7529e-06
1776592800022,-6.3134e-06
1776596400032,-2.008e-07
1776600000016,4.6254e-06
1776603600026,-5.8242e-06
1776607200011,-2.1583e-06
1776610800004,-1.0497e-06
1776614400010,6.9e-09
1776618000060,-4.6187e-06
1776621600009,-1.35901e-05
1776625200018,-1.29344e-05
1776628800030,1.6594e-06
1776632400025,-1.0674e-06
1776636000007,-1.7233e-06
1776639600025,-5.1759e-06
1776643200062,-1.15768e-05
1776646800029,-5.2337e-06
1776650400053,4.811e-07
1776654000025,-6.557e-07
1776657600029,1.1004e-06
1776661200055,3.3371e-06
1776664800000,-3.3659e-06
1776668400006,5.7433e-06
1776672000037,6.3816e-06
1776675600008,9.662e-07
1776679200053,3.9129e-06
1776682800014,2.7763e-06
1776686400091,1.2144e-06
1776690000051,6.9385e-06
1776693600033,4.7016e-06
1776697200041,1.759e-06
1776700800028,-5.2834e-06
1776704400049,1.2074e-06
1776708000019,5.0884e-06
1776711600037,7.135e-07
1776715200063,-3.598e-07
1776718800038,-6.1433e-06
1776722400039,-8.6099e-06
1776726000053,-4.9213e-06
1776729600087,-4.2796e-06
1776733200043,5.003e-07
1776736800023,-6.252e-07
1776740400030,-1.4909e-05
1776744000018,-1.01314e-05
1776747600065,-6.4913e-06
1776751200010,-1.7794e-06
1776754800053,-1.1472e-06
1776758400036,6.4308e-06
1776762000005,1.13966e-05
1776765600001,7.2758e-06
1776769200065,7.3231e-06
1776772800036,6.4864e-06
1776776400063,-8.6966e-06
1776780000044,-3.8335e-06
1776783600019,7.5293e-06
1776787200048,2.4154e-06
1776790800003,6.001e-07
1776794400065,-4.4201e-06
1776798000039,-5.9455e-06
1776801600004,-2.4844e-06
1776805200015,-6.336e-07
1776808800008,-5.4229e-06
1776812400011,2.428e-07
1776816000061,8.5382e-06
1776819600004,4.6815e-06
1776823200042,4.157e-06
1776826800005,4.3831e-06
1776830400056,1.1375e-06
1776834000030,3.5519e-06
1776837600005,-7.9415e-06
1776841200018,-1.02192e-05
1776844800009,-8.0115e-06
1776848400041,-5.6438e-06
1776852000008,-5.4011e-06
1776855600019,-8.2504e-06
1776859200041,-2.3542e-06
1776862800003,-1.12012e-05
1776866400043,-4.0037e-06
1776870000021,-3.3737e-06
1776873600051,-5.8456e-06
1776877200012,-1.3976e-05
1776880800036,-1.2626e-05
1776884400031,-5.9257e-06
1776888000051,-1.44315e-05
1776891600023,-2.13484e-05
1776895200042,-7.9414e-06
1776898800056,-4.0123e-06
1776902400028,-7.984e-06
1776906000056,7.92e-07
1776909600016,4.0375e-06
1776913200013,4.3222e-06
1776916800053,8.1845e-06
1776920400046,1.02671e-05
1776924000079,9.5632e-06
1776927600059,5.8638e-06
1776931200019,3.3378e-06
1776934800060,1.04809e-05
1776938400021,6.3108e-06
1776942000053,4.6679e-06
1776945600024,1.8035e-06
1776949200060,3.1055e-06
1776952800015,4.585e-07
1776956400020,1.25e-05
1776960000048,1.06375e-05
1776963600075,-1.2234e-06
1776967200016,-8.1764e-06
1776970800075,2.8995e-06
1776974400003,9.066e-06
1776978000042,1.25e-05
1776981600005,1.25e-05
1776985200065,1.25e-05
1776988800064,1.25e-05
1776992400021,1.25e-05
1776996000064,1.25e-05
1776999600062,1.24002e-05
1777003200018,1.19255e-05
1777006800065,1.25e-05
1777010400000,1.25e-05
1777014000039,1.25e-05
1777017600008,1.25e-05
1777021200041,1.25e-05
1777024800038,1.25e-05
1777028400039,1.25e-05
1777032000002,1.25e-05
1777035600047,1.11146e-05
1777039200063,7.4312e-06
1777042800001,2.7022e-06
1777046400049,1.15939e-05
1777050000011,1.25e-05
1777053600037,9.129e-06
1777057200020,4.2975e-06
1777060800007,4.826e-06
1777064400058,1.22308e-05
1777068000042,1.05011e-05
1777071600055,7.6354e-06
1777075200024,9.2602e-06
1777078800002,9.4427e-06
1777082400044,1.09257e-05
1777086000063,4.7607e-06
1777089600000,5.0728e-06
1777093200035,1.18059e-05
1777096800023,3.809e-07
1777100400048,2.6398e-06
1777104000044,6.6614e-06
1777107600060,1.25e-05
1777111200052,1.25e-05
1777114800064,1.25e-05
1777118400039,7.9738e-06
1777122000031,2.7242e-06
1777125600050,1.25e-05
1777129200037,1.25e-05
1777132800080,1.25e-05
1777136400047,7.2021e-06
1777140000031,8.1781e-06
1777143600078,3.2784e-06
1777147200064,2.9444e-06
1777150800007,1.23797e-05
1777154400003,2.8339e-06
1777158000060,7.1756e-06
1777161600025,2.8836e-06
1777165200030,2.5538e-06
1777168800007,2.941e-07
1777172400050,9.681e-07
1777176000032,-1.977e-06
1777179600041,-6.782e-07
1777183200030,2.6556e-06
1777186800026,3.8881e-06
1777190400058,5.7357e-06
1777194000062,5.353e-07
1777197600065,4.3145e-06
1777201200018,9.6345e-06
1777204800009,7.3445e-06
1777208400066,2.655e-06
1777212000016,6.038e-07
1777215600039,7.3093e-06
1777219200066,7.106e-07
1777222800052,7.622e-07
1777226400024,7.0518e-06
1777230000056,4.5948e-06
1777233600017,8.1528e-06
1777237200054,5.8032e-06
1777240800047,2.6561e-06
1777244400060,6.081e-07
1777248000023,4.0103e-06
1777251600035,7.825e-06
1777255200052,6.1473e-06
1777258800072,1.2478e-06
1777262400041,-1.6428e-06
1777266000055,-2.9354e-06
1777269600007,9.2603e-06
1777273200017,1.25e-05
1777276800012,9.002e-06
1777280400041,7.2833e-06
1777284000013,1.1172e-05
1777287600115,8.6461e-06
1777291200058,1.25e-05
1777294800020,1.25e-05
1777298400028,3.4716e-06
1777302000022,5.3998e-06
1777305600036,8.4627e-06
1777309200033,4.4239e-06
1777312800033,3.4319e-06
1777316400021,5.495e-06
1777320000008,-1.4166e-06
1777323600011,-8.0466e-06
1777327200064,-9.2056e-06
1777330800012,-1.124e-06
1777334400035,-1.0881e-06
1777338000003,-7.1606e-06
1777341600051,-1.01968e-05
1777345200044,-5.4281e-06
1777348800007,-2.6243e-06
1777352400034,-1.7682e-06
1777356000029,-3.6477e-06
1777359600063,-4.3761e-06
1777363200019,-1.32948e-05
1777366800032,-6.9104e-06
1777370400023,-1.43761e-05
1777374000007,-1.38067e-05
1777377600016,-1.18926e-05
1777381200077,-8.701e-07
1777384800058,-1.92e-08
1777388400063,3.7749e-06
1777392000007,2.67e-08
1777395600070,4.1195e-06
1777399200055,4.4779e-06
1777402800060,3.0207e-06
1777406400031,5.6686e-06
1777410000052,6.7457e-06
1777413600027,6.0014e-06
1777417200042,3.9179e-06
1777420800003,3.2327e-06
1777424400025,3.3007e-06
1777428000000,9.372e-07
1777431600009,-9.3058e-06
1777435200032,-5.0917e-06
1777438800046,-6.487e-06
1777442400001,-1.1054e-05
1777446000063,-9.7464e-06
1777449600030,-9.5054e-06
1777453200042,-1.47919e-05
1777456800016,-7.9623e-06
1777460400024,-1.66331e-05
1777464000054,-1.25314e-05
1777467600053,-1.14954e-05
1777471200029,-8.7559e-06
1777474800047,5.5932e-06
1777478400067,3.2908e-06
1777482000001,3.1086e-06
1777485600043,5.0997e-06
1777489200048,1.23142e-05
1777492800001,9.2697e-06
1777496400052,9.5956e-06
1777500000002,5.9297e-06
1777503600061,-6.6458e-06
1777507200020,-1.08545e-05
1777510800019,-5.1244e-06
1777514400044,2.4361e-06
1777518000073,-5.767e-06
1777521600059,-8.246e-06
1777525200030,-9.0129e-06
1777528800060,2.3548e-06
1777532400057,1.62e-06
1777536000072,1.15238e-05
1777539600041,1.16101e-05
1777543200040,-3.029e-07
1777546800009,-6.1245e-06
1777550400065,-7.3776e-06
1777554000045,-3.7274e-06
1777557600004,-6.7416e-06
1777561200033,-1.07591e-05
1777564800003,9.84e-08
1777568400029,-1.08569e-05
1777572000025,-8.7976e-06
1777575600030,-4.2398e-06
1777579200048,-4.1576e-06
1777582800009,-9.7388e-06
1777586400010,-1.19657e-05
1777590000005,-1.54515e-05
1777593600045,-8.6543e-06
1777597200040,-8.5919e-06
1777600800073,-6.5515e-06
1777604400003,-1.22214e-05
1777608000097,-1.06129e-05
1777611600029,-8.5227e-06
1777615200052,-7.15e-08
1777618800028,-4.4707e-06
1777622400049,5.068e-07
1777626000046,1.3802e-06
1777629600063,-5.7948e-06
1777633200046,-3.8601e-06
1777636800012,2.4091e-06
1777640400028,2.6167e-06
1777644000051,-5.4708e-06
1777647600002,-2.2769e-06
1777651200055,-7.963e-06
1777654800055,-1.24216e-05
1777658400043,-9.082e-06
1777662000031,-9.4825e-06
1777665600011,-7.5953e-06
1777669200059,-1.21606e-05
1777672800054,-1.40194e-05
1777676400002,-1.62659e-05
1777680000010,-1.27207e-05
1777683600070,-7.2342e-06
1777687200056,-5.6858e-06
1777690800038,-7.0227e-06
1777694400019,-1.9129e-06
1777698000004,-3.5117e-06
1777701600040,-1.28657e-05
1777705200044,-4.6017e-06
1777708800031,6.1381e-06
1777712400002,5.626e-06
1777716000010,-1.0802e-06
1777719600041,-2.8316e-06
1777723200048,-1.5557e-06
1777726800017,2.4668e-06
1777730400025,6.827e-07
1777734000021,-3.889e-06
1777737600033,-3.912e-07
1777741200048,-2.081e-06
1777744800025,-2.3529e-06
1777748400038,1.9205e-06
1777752000064,1.07283e-05
1777755600020,7.7272e-06
1777759200000,9.23e-06
1777762800067,8.9491e-06
1777766400049,1.13842e-05
1777770000025,1.03e-05
1777773600016,6.9687e-06
1777777200053,9.547e-07
1777780800034,4.8385e-06
1777784400010,3.122e-07
1777788000024,4.673e-07
1777791600004,-5.505e-07
1777795200037,5.0517e-06
1777798800018,8.7945e-06
1777802400038,1.25e-05
1777806000052,4.1431e-06
1777809600047,5.9225e-06
1777813200005,3.9716e-06
1777816800027,8.1589e-06
1777820400059,9.938e-06
1777824000054,5.9954e-06
1777827600044,9.5109e-06
1777831200060,1.25e-05
1777834800014,2.7895e-06
1777838400040,5.4428e-06
1777842000037,1.06337e-05
1777845600024,1.17005e-05
1777849200039,8.1008e-06
1777852800030,-1.5458e-06
1777856400063,2.6322e-06
1777860000059,5.354e-06
1777863600012,2.4323e-06
1777867200014,-1.85e-06
1777870800025,-1.01708e-05
1777874400035,-8.1725e-06
1777878000001,-8.4629e-06
1777881600065,-7.121e-07
1777885200015,2.9908e-06
1777888800011,3.1452e-06
1777892400065,4.7913e-06
1777896000066,3.137e-06
1777899600032,6.4108e-06
1777903200079,2.8133e-06
1777906800062,3.3074e-06
1777910400030,-7.4756e-06
1777914000041,-8.6374e-06
1777917600053,-1.4091e-05
1777921200037,-1.55014e-05
1777924800060,-9.1766e-06
1777928400052,-1.67224e-05
1777932000075,-5.3649e-06
1777935600055,-6.8027e-06
1777939200021,-1.32818e-05
1777942800040,-9.071e-06
1777946400044,-3.7253e-06
1777950000039,-3.9228e-06
1777953600016,-6.521e-07
1777957200057,1.7407e-06
1777960800006,2.5697e-06
1777964400052,-6.1987e-06
1777968000055,7.4186e-06
1777971600016,5.2941e-06
1777975200002,7.8924e-06
1777978800054,1.25e-05
1777982400025,1.25e-05
1777986000065,1.25e-05
1777989600022,1.25e-05
1777993200017,7.8288e-06
1777996800028,6.6353e-06
1778000400003,-1.7766e-06
1778004000061,9.6091e-06
1778007600036,9.2567e-06
1778011200001,5.2501e-06
1778014800044,2.2706e-06
1778018400066,1.5171e-06
1778022000056,-3.4166e-06
1778025600026,-2.1595e-06
1778029200002,5.4737e-06
1778032800010,7.5586e-06
1778036400061,3.6771e-06
1778040000067,9.8715e-06
1778043600011,6.6866e-06
1778047200051,6.2725e-06
1778050800046,1.25e-05
1778054400014,1.25e-05
1778058000029,1.25e-05
1778061600058,1.25e-05
1778065200012,1.25e-05
1778068800046,1.25e-05
1778072400027,9.1057e-06
1778076000062,1.25e-05
1778079600012,1.25e-05
1778083200063,1.25e-05
1778086800019,1.25e-05
1778090400065,4.5611e-06
1778094000068,4.7024e-06
1778097600077,8.9554e-06
1778101200026,1.10661e-05
1778104800045,1.11553e-05
1778108400000,1.5736e-06
1778112000059,1.0824e-05
1778115600065,3.1512e-06
1778119200043,9.1257e-06
1778122800030,6.3751e-06
1778126400026,2.5518e-06
1778130000051,5.6172e-06
1778133600013,2.0828e-06
1778137200061,7.0447e-06
1778140800060,-9.9e-08
1778144400013,-4.7868e-06
1778148000020,-8.1379e-06
1778151600037,3.0121e-06
1778155200009,4.6777e-06
1778158800041,1.05195e-05
1778162400079,4.9756e-06
1778166000021,9.5045e-06
1778169600044,1.25e-05
1778173200070,1.25e-05
1778176800001,1.25e-05
1778180400025,1.25e-05
1778184000029,1.25e-05
1778187600026,1.19111e-05
1778191200025,1.25e-05
1778194800057,1.25e-05
1778198400069,1.25e-05
1778202000002,1.25e-05
1778205600026,1.25e-05
1778209200048,1.25e-05
1778212800023,1.25e-05
1778216400023,1.25e-05
1778220000012,1.25e-05
1778223600012,1.25e-05
1778227200002,1.25e-05
1778230800038,1.25e-05
1778234400074,1.25e-05
1778238000003,1.25e-05
1778241600055,1.7726e-06
1778245200029,5.338e-06
1778248800050,1.16814e-05
1778252400064,1.25e-05
1778256000018,4.1508e-06
1778259600053,-1.6897e-06
1778263200064,1.25e-05
1778266800038,1.17283e-05
1778270400043,1.23143e-05
1778274000041,1.25e-05
1778277600054,1.08928e-05
1778281200009,1.25e-05
1778284800000,2.008e-06
1778288400009,7.4556e-06
1778292000018,1.25e-05
1778295600006,1.25e-05
1778299200003,1.25e-05
1778302800047,1.25e-05
1778306400038,1.25e-05
1778310000036,1.25e-05
1778313600024,7.6588e-06
1778317200062,1.25e-05
1778320800026,4.5403e-06
1778324400050,-3.576e-06
1778328000059,-4.6747e-06
1778331600000,-5.512e-06
1778335200040,-5.498e-07
1778338800053,1.3741e-06
1778342400017,1.6485e-06
1778346000001,-7.3878e-06
1778349600017,-5.9184e-06
1778353200018,-6.6263e-06
1778356800068,-2.3483e-06
1778360400051,-5.6011e-06
1778364000008,-3.1322e-06
1778367600025,-8.5359e-06
1778371200032,-2.8119e-06
1778374800048,9.8312e-06
1778378400005,6.7765e-06
1778382000065,1.25e-05
1778385600039,1.25e-05
1778389200002,1.07694e-05
1778392800045,8.2464e-06
1778396400044,3.2515e-06
1778400000015,7.6449e-06
1778403600013,1.25e-05
1778407200065,1.25e-05
1778410800000,1.25e-05
1778414400050,1.25e-05
1778418000020,1.25e-05
1778421600012,1.25e-05
1778425200019,1.25e-05
1778428800019,7.143e-06
1778432400006,-4.3195e-06
1778436000007,-2.526e-07
1778439600038,-1.44456e-05
1778443200068,-7.8364e-06
1778446800002,-9.8017e-06
1778450400042,-7.4146e-06
1778454000083,-7.0402e-06
1778457600028,-1.05134e-05
1778461200001,-3.1931e-06
1778464800074,1.23147e-05
1778468400051,1.14273e-05
1778472000063,1.25e-05
1778475600064,1.25e-05
1778479200017,1.25e-05
1778482800034,1.25e-05
1778486400079,1.25e-05
1778490000051,1.25e-05
1778493600007,1.25e-05
1778497200059,1.25e-05
1778500800038,1.25e-05
1778504400052,1.09212e-05
1778508000014,5.3955e-06
1778511600033,3.5367e-06
1778515200025,1.4768e-06
1778518800005,-7.9383e-06
1778522400015,-6.8107e-06
1778526000033,-1.71154e-05
1778529600044,-1.13319e-05
1778533200034,-1.01097e-05
1778536800039,-3.9111e-06
1778540400005,2.547e-07
1778544000040,3.67e-07
1778547600019,-5.59e-07
1778551200065,8.4883e-06
1778554800018,1.25e-05
1778558400027,5.8877e-06
1778562000020,1.25e-05
1778565600058,1.25e-05
1778569200008,1.25e-05
1778572800010,1.25e-05
1778576400005,1.25e-05
1778580000036,9.3534e-06
1778583600001,9.6926e-06
1778587200020,1.13842e-05
1778590800033,1.25e-05
1778594400005,1.25e-05
1778598000008,7.3834e-06
1778601600023,7.724e-06
1778605200037,1.19116e-05
1778608800037,7.9866e-06
1778612400061,8.7734e-06
1778616000021,7.7228e-06
1778619600063,3.7511e-06
1778623200054,5.701e-06
1778626800054,6.0822e-06
1778630400016,1.901e-06
1778634000036,3.8092e-06
1778637600050,3.7046e-06
1778641200058,4.097e-06
1778644800066,1.25e-05
1778648400005,1.25e-05
1778652000016,1.25e-05
1778655600003,2.6995e-06
1778659200046,2.7501e-06
1778662800025,1.05647e-05
1778666400006,1.08062e-05
1778670000013,2.3807e-06
1778673600048,-5.9884e-06
1778677200052,-5.6247e-06
1778680800024,-2.9943e-06
1778684400005,1.05952e-05
1778688000041,1.01684e-05
1778691600031,1.25e-05
1778695200014,1.25e-05
1778698800037,1.25e-05
1778702400043,1.25e-05
1778706000045,1.25e-05
1778709600004,7.45e-07
1778713200051,9.6563e-06
1778716800062,8.6851e-06
1778720400013,1.11347e-05
1778724000012,6.977e-06
1778727600011,1.25e-05
1778731200047,-1.9439e-06
1778734800013,3.8674e-06
1778738400014,5.1534e-06
1778742000043,1.6045e-06
1778745600035,-3.1763e-06
1778749200066,4.484e-07
1778752800000,6.1818e-06
1778756400034,1.67e-06
1778760000001,-1.32295e-05
1778763600032,2.7875e-06
1778767200002,5.5032e-06
1778770800003,1.25e-05
1778774400047,9.097e-07
1778778000043,-1.07705e-05
1778781600066,-1.30133e-05
1778785200050,-1.04595e-05
1778788800004,-1.76938e-05
1778792400042,-1.71239e-05
1778796000026,-8.724e-06
1778799600062,-2.223e-06
1778803200071,-1.16656e-05
1778806800009,-1.7085e-06
1778810400030,1.6748e-06
1778814000043,9.13e-07
1778817600003,3.6117e-06
1778821200001,-3.0418e-06
1778824800044,4.868e-06
1778828400034,5.1995e-06
1778832000064,6.0314e-06
1778835600005,1.9684e-06
1778839200060,-1.5214e-06
1778842800038,1.1098e-06
1778846400064,5.9182e-06
1778850000023,-4.4227e-06
1778853600006,-4.626e-06
1778857200044,1.09929e-05
1778860800007,1.2419e-05
1778864400060,1.03105e-05
1778868000019,3.6121e-06
1778871600018,8.2589e-06
1778875200015,1.8629e-06
1778878800028,-3.4619e-06
1778882400049,-1.37826e-05
1778886000060,-1.16883e-05
1778889600027,-7.8744e-06
1778893200021,-4.9133e-06
1778896800038,-9.8897e-06
1778900400011,-8.912e-06
1778904000008,-6.7341e-06
1778907600023,-9.381e-06
1778911200064,-6.7382e-06
1778914800006,-1.33929e-05
1778918400011,-2.16245e-05
1778922000078,-2.06877e-05
1778925600062,-2.43061e-05
1778929200002,-2.28456e-05
1778932800005,-1.95953e-05
1778936400061,-1.3076e-05
1778940000057,-9.6171e-06
1778943600025,-1.3189e-06
1778947200094,2.1944e-06
1778950800048,4.4934e-06
1778954400018,2.1793e-06
1778958000075,1.9731e-06
1778961600048,5.9049e-06
1778965200049,3.817e-07
1778968800029,4.8083e-06
1778972400023,5.147e-06
1778976000019,-2.4795e-06
1778979600017,-5.01e-07
1778983200062,-1.79e-08
1778986800038,1.3011e-06
1778990400049,1.6434e-06
1778994000018,2.7262e-06
1778997600056,6.9489e-06
1779001200051,-5.5421e-06
1779004800048,1.4527e-06
1779008400010,-7.9861e-06
1779012000039,1.874e-06
1779015600016,3.135e-06
1779019200014,-4.7477e-06
1779022800031,-3.801e-07
1779026400058,-6.0663e-06
1779030000036,1.9548e-06
1779033600030,2.2584e-06
1779037200025,2.9588e-06
1779040800010,-3.5823e-06
1779044400032,-3.456e-07
1779048000020,6.7532e-06
1779051600040,6.9539e-06
1779055200040,7.7603e-06
1779058800035,4.3331e-06
1779062400029,9.2206e-06
1779066000063,8.9834e-06
1779069600013,1.02363e-05
1779073200036,3.8911e-06
1779076800064,3.8548e-06
1779080400001,6.8438e-06
1779084000055,4.6614e-06
1779087600056,3.2605e-06
1779091200006,8.384e-06
1779094800014,4.1522e-06
1779098400046,8.8751e-06
1779102000036,6.47e-06
1779105600049,5.4767e-06
1779109200017,6.1083e-06
1779112800012,2.2459e-06
1779116400010,1.20047e-05
1779120000018,1.25e-05
1779123600058,1.25e-05
1779127200004,1.25e-05
1779130800025,1.25e-05
1779134400028,1.25e-05
1779138000056,1.25e-05
1779141600030,1.25e-05
1779145200051,1.25e-05
1779148800076,1.25e-05
1779152400068,1.25e-05
1779156000015,1.25e-05
1779159600011,1.25e-05
1779163200005,1.25e-05
1779166800006,1.25e-05
1779170400005,1.25e-05
1779174000011,1.25e-05
1779177600002,1.25e-05
1779181200038,1.25e-05
1779184800119,1.25e-05
1779188400046,1.25e-05
1779192000006,1.25e-05
1779195600004,1.25e-05
1779199200046,1.25e-05
1779202800024,1.25e-05
1779206400021,1.25e-05
1779210000012,1.25e-05
1779213600033,1.25e-05
1779217200016,1.25e-05
1779220800064,1.25e-05
1779224400051,1.25e-05
1779228000037,1.25e-05
1779231600001,1.25e-05
1779235200009,1.25e-05
1779238800030,1.25e-05
1779242400030,1.25e-05
1779246000073,1.25e-05
1779249600039,1.25e-05
1779253200020,1.25e-05
1779256800034,1.25e-05
1779260400054,1.25e-05
1779264000081,1.25e-05
1779267600011,1.25e-05
1779271200027,1.25e-05
1779274800044,1.25e-05
1779278400039,1.25e-05
1779282000022,1.25e-05
1779285600022,1.25e-05
1779289200052,1.25e-05
1779292800041,1.25e-05
1779296400014,1.25e-05
1779300000030,1.25e-05
1779303600047,1.25e-05
1779307200014,1.25e-05
1779310800054,1.25e-05
1779314400084,1.25e-05
1779318000041,1.25e-05
1779321600086,1.25e-05
1779325200000,1.25e-05
1779328800020,1.25e-05
1779332400062,1.25e-05
1779336000053,1.25e-05
1779339600042,1.25e-05
1779343200049,1.25e-05
1779346800047,1.25e-05
1779350400055,8.3352e-06
1779354000023,8.7189e-06
1779357600064,1.23877e-05
1779361200033,1.25e-05
1779364800034,9.5863e-06
1779368400045,1.10729e-05
1779372000050,1.25e-05
1779375600017,1.25e-05
1779379200025,1.25e-05
1779382800000,6.5216e-06
1779386400024,3.6573e-06
1779390000021,6.9793e-06
1779393600036,5.4444e-06
1779397200011,1.051e-07
1779400800008,1.14263e-05
1779404400065,8.3784e-06
1779408000060,1.25e-05
1779411600003,1.25e-05
1779415200021,9.7543e-06
1779418800022,4.1607e-06
1779422400017,4.5102e-06
1779426000023,4.351e-07
1779429600051,7.5861e-06
1779433200006,1.233e-07
1779436800011,-6.626e-07
1779440400045,8.5922e-06
1779444000026,7.7404e-06
1779447600051,1.25e-05
1779451200027,5.5984e-06
1779454800050,1.25e-05
1779458400017,1.20482e-05
1779462000066,1.25e-05
1779465600062,1.25e-05
1779469200029,1.25e-05
1779472800016,1.25e-05
1779476400007,1.25e-05
1779480000011,2.1655e-06
1779483600002,7.28e-06
1779487200000,5.9325e-06
1779490800031,3.502e-06
1779494400006,5.0002e-06
1779498000002,2.0787e-06
1779501600041,5.7291e-06
1779505200019,7.7506e-06
1779508800053,3.6089e-06
1779512400048,6.903e-07
1779516000036,-1.6118e-06
1779519600066,-2.1594e-06
1779523200034,-9.1124e-06
1779526800067,-2.08867e-05
1779530400023,-5.596e-06
1779534000030,-8.0568e-06
1779537600039,-9.846e-07
1779541200035,-4.5324e-06
1779544800062,-9.5338e-06
1779548400004,-7.6614e-06
1779552000017,-8.868e-06
1779555600014,-4.5889e-06
1779559200068,-1.1941e-05
1779562800020,-6.8243e-06
1779566400058,-1.2971e-06
1779570000077,1.01237e-05
1779573600025,4.1545e-06
1779577200064,-3.3882e-06
1779580800038,-5.611e-07
1779584400045,2.5762e-06
1779588000010,3.4245e-06
1779591600005,1.4553e-06
1779595200011,2.1793e-06
1779598800055,-3.6836e-06
1779602400049,-9.8541e-06
1779606000038,-3.3913e-06
1779609600034,-3.0861e-06
1779613200048,-4.881e-07
1779616800040,-8.406e-07
1779620400057,-3.0137e-06
1779624000043,-1.5775e-06
1779627600052,-1.70136e-05
1779631200052,-1.48339e-05
1779634800032,-2.71754e-05
1779638400024,-2.278e-05
1779642000003,-1.22377e-05
1779645600030,-9.8801e-06
1779649200041,-2.2394e-06
1779652800000,-1.0739e-06
1779656400064,-7.9926e-06
1779660000015,-1.73874e-05
1779663600033,-8.2655e-06
1779667200025,-9.1668e-06
1779670800064,-1.44236e-05
1779674400016,-1.43348e-05
1779678000050,-1.02071e-05
1779681600031,-1.35135e-05
1779685200047,-8.0466e-06
1779688800042,-1.31974e-05
1779692400052,-1.40893e-05
1779696000016,-5.7273e-06
1779699600028,-6.479e-06
1779703200021,-7.09e-07
1779706800006,-3.7622e-06
1779710400041,-5.7306e-06
1779714000008,-7.398e-06
1779717600059,-5.9858e-06
1779721200007,1.7844e-06
1779724800039,-2.1913e-06
1779728400058,-4.3452e-06
1779732000047,4.4153e-06
1779735600032,1.4435e-06
1779739200052,-7.6608e-06
1779742800018,-8.4495e-06
1779746400006,-5.2877e-06
1779750000026,-1.24409e-05
1779753600040,-5.7953e-06
1779757200062,-1.60665e-05
1779760800054,-1.5185e-06
1779764400003,-9.8197e-06
1779768000070,-1.56584e-05
1779771600065,-9.5404e-06
1779775200000,-9.6089e-06
1779778800049,-1.1553e-05
1779782400058,-2.04079e-05
1779786000057,-1.66485e-05
1779789600044,-1.56974e-05
1779793200020,-9.83e-07
1779796800014,5.711e-07
1779800400069,-5.2705e-06
1779804000051,-1.276e-07
1779807600029,7.2281e-06
1779811200057,4.5312e-06
1779814800064,8.5791e-06
1779818400049,8.6796e-06
1779822000056,4.0306e-06
1779825600058,2.768e-06
1779829200049,-4.1012e-06
1779832800001,-6.2499e-06
1779836400051,-1.5147e-05
1779840000065,-1.654e-07
1779843600008,2.7521e-06
1779847200053,7.242e-07
1779850800017,-4.6022e-06
1779854400028,-1.4482e-06
1779858000014,-1.61732e-05
1779861600071,-1.55059e-05
1779865200045,-6.3611e-06
1779868800033,-9.3216e-06
1779872400026,-9.7348e-06
1779876000049,-4.509e-06
1779879600070,2.604e-07
1779883200022,5.279e-07
1779886800017,-7.7071e-06
1779890400009,-4.0765e-06
1779894000023,6.2317e-06
1779897600056,1.25e-05
1779901200002,8.7601e-06
1779904800010,9.0078e-06
1779908400031,3.749e-06
1779912000047,3.4406e-06
1779915600032,4.0675e-06
1779919200045,9.511e-07
1779922800042,1.12665e-05
1779926400013,1.25e-05
1779930000013,1.11591e-05
1779933600044,2.8644e-06
1779937200040,2.068e-06
1779940800023,3.5838e-06
1779944400005,1.25e-05
1779948000060,3.6686e-06
1779951600067,3.367e-06
1779955200036,2.24e-08
1779958800022,5.2084e-06
1779962400054,1.25e-05
1779966000027,1.25e-05
1779969600003,8.3803e-06
1779973200059,9.9454e-06
1779976800011,1.10385e-05
1779980400054,1.25e-05
1779984000085,1.25e-05
1779987600054,1.25e-05
1779991200081,1.25e-05
1779994800045,1.25e-05
1779998400024,1.25e-05
1780002000054,1.25e-05
1780005600057,1.25e-05
1780009200062,1.25e-05
1780012800066,1.25e-05
1780016400046,1.25e-05
1780020000003,1.25e-05
1780023600035,1.25e-05
1780027200041,1.03165e-05
1780030800056,9.5423e-06
1780034400048,1.25e-05
1780038000013,6.0605e-06
1780041600008,4.7455e-06
1780045200061,8.8455e-06
1780048800035,3.3539e-06
1780052400034,-1.9171e-06
1780056000030,-1.9044e-06
1780059600037,1.4005e-06
1780063200045,1.25e-05
1780066800047,1.18994e-05
1780070400042,1.25e-05
1780074000070,1.25e-05
1780077600058,1.25e-05
1780081200015,4.9682e-06
1780084800023,8.1e-06
1780088400009,5.4359e-06
1780092000051,2.3514e-06
1780095600004,-3.242e-06
1780099200028,-1.8447e-06
1780102800060,2.6233e-06
1780106400046,4.166e-06
1780110000016,9.3895e-06
1780113600011,1.1291e-05
1780117200025,5.29e-08
1780120800060,7.4375e-06
1780124400054,4.9166e-06
1780128000009,6.697e-07
1780131600066,1.14347e-05
1780135200023,1.0832e-06
1780138800024,1.25e-05
1780142400050,1.04263e-05
1780146000053,1.25e-05
1780149600049,1.25e-05
1780153200029,1.25e-05
1780156800037,7.6213e-06
1780160400070,1.6045e-06
1780164000038,3.6157e-06
1780167600053,5.3855e-06
1780171200009,2.1532e-06
1780174800027,2.0342e-06
1780178400060,7.5672e-06
1780182000030,5.8608e-06
1780185600055,7.2215e-06
1780189200031,1.25e-05
1780192800062,1.14157e-05
1780196400003,1.5067e-06
1780200000040,8.7142e-06
1780203600014,1.25e-05
1780207200012,1.25e-05
1780210800007,1.06234e-05
1780214400066,1.21651e-05
1780218000025,1.25e-05
1780221600045,1.25e-05
1780225200064,1.04036e-05
1780228800048,1.16316e-05
1780232400065,8.6493e-06
1780236000044,7.2069e-06
1780239600067,1.25e-05
1780243200042,1.25e-05
1780246800009,1.25e-05
1780250400037,1.25e-05
1780254000023,1.25e-05
1780257600049,1.25e-05
1780261200008,1.25e-05
1780264800006,1.25e-05
1780268400059,1.25e-05
1780272000050,1.25e-05
1780275600010,1.25e-05
1780279200046,1.25e-05
1780282800011,1.25e-05
1780286400002,1.25e-05
1780290000044,1.25e-05
1780293600037,1.25e-05
1780297200013,1.25e-05
1780300800010,1.25e-05
1780304400047,1.25e-05
1780308000040,1.25e-05
1780311600055,1.25e-05
1780315200049,1.25e-05
1780318800049,1.25e-05
1780322400037,1.25e-05
1780326000039,1.25e-05
1780329600001,1.25e-05
1780333200058,1.25e-05
1780336800025,1.25e-05
1780340400027,1.25e-05
1780344000058,1.25e-05
1780347600055,1.25e-05
1780351200044,1.25e-05
1780354800015,1.25e-05
1780358400016,1.25e-05
1780362000049,1.25e-05
1780365600054,1.25e-05
1780369200062,1.25e-05
1780372800063,1.25e-05
1780376400058,1.25e-05
1780380000028,1.25e-05
1780383600028,1.25e-05
1780387200005,1.25e-05
1780390800004,1.25e-05
1780394400060,1.25e-05
1780398000048,1.25e-05
1780401600006,1.25e-05
1780405200077,1.25e-05
1780408800037,1.25e-05
1780412400036,1.25e-05
1780416000038,1.25e-05
1780419600008,1.25e-05
1780423200014,1.25e-05
1780426800026,1.25e-05
1780430400012,1.14694e-05
1780434000028,1.25e-05
1780437600035,1.22734e-05
1780441200004,1.16162e-05
1780444800019,8.7306e-06
1780448400036,7.431e-07
1780452000062,3.0357e-06
1780455600014,5.3228e-06
1780459200013,5.7221e-06
1780462800067,1.2946e-06
1780466400063,8.7504e-06
1780470000027,7.833e-06
1780473600040,2.055e-06
1780477200040,2.9365e-06
1780480800062,4.7254e-06
1780484400013,1.22405e-05
1780488000046,1.25e-05
1780491600050,1.25e-05
1780495200007,1.25e-05
1780498800049,1.25e-05
1780502400028,1.25e-05
1780506000013,1.25e-05
1780509600020,1.25e-05
1780513200000,1.25e-05
1780516800019,1.25e-05
1780520400009,1.25e-05
1780524000056,1.25e-05
1780527600002,1.25e-05
1780531200032,1.25e-05
1780534800002,1.16035e-05
1780538400047,6.7587e-06
1780542000080,8.5033e-06
1780545600010,6.0531e-06
1780549200076,4.2721e-06
1780552800007,3.4197e-06
1780556400059,1.0114e-05
1780560000004,3.4241e-06
1780563600027,5.2245e-06
1780567200015,6.6623e-06
1780570800025,-4.5162e-06
1780574400078,-1.0187e-05
1780578000006,1.25e-05
1780581600014,3.9124e-06
1780585200006,7.613e-07
1780588800043,4.9885e-06
1780592400015,-6.88e-07
1780596000073,6.9786e-06
1780599600000,1.25e-05
1780603200031,1.25e-05
1780606800063,5.5109e-06
1780610400059,3.6956e-06
1780614000046,6.9637e-06
1780617600043,1.25e-05
1780621200052,5.2486e-06
1780624800003,8.6931e-06
1780628400006,-4.9586e-06
1780632000016,-4.8042e-06
1780635600021,1.22032e-05
1780639200019,1.10996e-05
1780642800021,6.1619e-06
1780646400042,1.25e-05
1780650000016,1.25e-05
1780653600050,1.25e-05
1780657200006,1.19119e-05
1780660800000,7.0565e-06
1780664400043,6.151e-06
1780668000000,4.7295e-06
1780671600009,-3.2618e-06
1780675200015,-7.1493e-06
1780678800002,5.4877e-06
1780682400016,8.3511e-06
1780686000012,4.0932e-06
1780689600028,6.7702e-06
1780693200020,1.25e-05
1780696800051,1.25e-05
1780700400054,1.25e-05
1780704000050,1.25e-05
1780707600030,1.25e-05
1780711200008,1.25e-05
1780714800034,1.25e-05
1780718400023,1.25e-05
1780722000060,6.8869e-06
1780725600032,1.25e-05
1780729200001,9.2497e-06
1780732800036,1.00061e-05
1780736400036,1.09625e-05
1780740000063,1.8646e-06
1780743600048,-1.7806e-06
1780747200046,3.4016e-06
1780750800048,-5.136e-06
1780754400030,9.803e-07
1780758000011,2.071e-07
1780761600033,-6.3827e-06
1780765200057,-1.5282e-06
1780768800049,5.5518e-06
1780772400038,1.25e-05
1780776000003,1.25e-05
1780779600065,8.5901e-06
1780783200025,9.0115e-06
1780786800050,1.6941e-06
1780790400085,5.9838e-06
1780794000004,4.4983e-06
1780797600006,1.25e-05
1780801200040,1.25e-05
1780804800034,1.25e-05
1780808400000,1.25e-05
1780812000055,1.25e-05
1780815600034,1.25e-05
1780819200059,1.25e-05
1780822800063,1.25e-05
1780826400024,1.25e-05
1780830000042,1.25e-05
1780833600010,1.25e-05
1780837200027,1.25e-05
1780840800030,1.25e-05
1780844400011,1.25e-05
1780848000011,1.25e-05
1780851600053,1.25e-05
1780855200001,1.25e-05
1780858800055,1.25e-05
1780862400046,5.7508e-06
1780866000028,1.12983e-05
1780869600052,1.07416e-05
1780873200003,1.25e-05
1780876800034,1.25e-05
1780880400034,1.25e-05
1780884000011,1.25e-05
1780887600005,1.25e-05
1780891200025,1.25e-05
1780894800046,9.0084e-06
1780898400031,3.7638e-06
1780902000063,5.4021e-06
1780905600003,5.9224e-06
1780909200009,5.4352e-06
1780912800047,1.25e-05
1780916400017,1.25e-05
1780920000056,1.25e-05
1780923600057,9.738e-06
1780927200035,1.25e-05
1780930800045,1.25e-05
1780934400055,1.25e-05
1780938000075,1.25e-05
1780941600012,1.25e-05
1780945200027,7.6548e-06
1780948800032,1.15462e-05
1780952400056,1.19508e-05
1780956000019,1.1924e-05
1780959600022,8.1008e-06
1780963200005,6.0949e-06
1780966800014,8.7593e-06
1780970400051,7.7685e-06
1780974000043,2.3737e-06
1780977600002,4.747e-06
1780981200011,1.25e-05
1780984800060,1.25e-05
1780988400027,1.25e-05
1780992000081,1.25e-05
1780995600001,1.25e-05
1780999200031,9.5852e-06
1781002800067,1.15313e-05
1781006400036,1.18977e-05
1781010000031,1.25e-05
1781013600014,1.25e-05
1781017200029,1.25e-05
1781020800059,1.25e-05
1781024400048,1.25e-05
1781028000032,1.25e-05
1781031600014,1.25e-05
1781035200045,1.0431e-05
1781038800056,9.4667e-06
1781042400063,4.127e-07
1781046000059,1.2339e-06
1781049600070,2.4159e-06
1781053200000,1.4565e-06
1781056800069,4.964e-07
1781060400030,-6.009e-07
1781064000056,-6.14e-08
1781067600003,8.6005e-06
1781071200052,-1.9732e-06
1781074800059,-2.8166e-06
1781078400060,-1.8565e-06
1781082000053,-5.2185e-06
1781085600013,2.2075e-06
1781089200011,5.6886e-06
1781092800032,2.0827e-06
1781096400058,9.9992e-06
1781100000031,1.17385e-05
1781103600057,1.25e-05
1781107200069,1.25e-05
1781110800012,3.8595e-06
1781114400035,1.07976e-05
1781118000046,1.15958e-05
1781121600093,1.25e-05
1781125200023,1.25e-05
1781128800019,7.5043e-06
1781132400077,6.7179e-06
1781136000009,8.7489e-06
1781139600039,1.25e-05
1781143200020,1.25e-05
1781146800013,2.8632e-06
1781150400009,9.7258e-06
1781154000046,4.2621e-06
1781157600039,3.9427e-06
1781161200008,-8.784e-07
1781164800045,9.61e-07
1781168400054,3.5615e-06
1781172000038,2.5228e-06
1781175600033,7.4415e-06
1781179200033,4.9882e-06
1781182800055,2.2406e-06
1781186400020,2.9413e-06
1781190000013,1.0337e-06
1781193600017,-3.225e-06
1781197200083,1.041e-07
1781200800016,5.8942e-06
1781204400018,1.25e-05
1781208000005,1.25e-05
1781211600036,2.9344e-06
1781215200073,1.07886e-05
1781218800052,1.25e-05
1781222400013,1.25e-05
1781226000025,1.25e-05
1781229600033,1.25e-05
1781233200057,1.25e-05
1781236800009,8.6902e-06
1781240400001,1.25e-05
1781244000056,1.01694e-05
1781247600027,7.118e-07
1781251200035,2.3719e-06
1781254800010,7.86e-08
1781258400015,5.032e-06
1781262000055,-8.93e-08
1781265600007,6.0707e-06
1781269200010,-6.1507e-06
1781272800052,3.7445e-06
1781276400064,7.8066e-06
1781280000005,1.25e-05
1781283600011,1.25e-05
1781287200044,1.25e-05
1781290800018,1.25e-05
1781294400007,1.25e-05
1781298000026,1.25e-05
1781301600022,1.25e-05
1781305200025,1.25e-05
1781308800034,1.25e-05
1781312400044,1.25e-05
1781316000044,1.25e-05
1781319600000,1.25e-05
1781323200040,1.25e-05
1781326800006,1.25e-05
1781330400043,1.25e-05
1781334000030,1.25e-05
1781337600040,1.25e-05
1781341200053,1.25e-05
1781344800009,1.25e-05
1781348400051,1.11048e-05
1781352000000,1.25e-05
1781355600021,1.25e-05
1781359200056,1.25e-05
1781362800009,1.25e-05
1781366400004,1.25e-05
1781370000036,1.25e-05
1781373600014,1.25e-05
1781377200021,1.25e-05
1781380800035,1.25e-05
1781384400042,1.25e-05
1781388000013,1.25e-05
1781391600023,1.25e-05
1781395200001,1.25e-05
1781398800042,1.25e-05
1781402400025,1.25e-05
1781406000005,1.25e-05
1781409600004,1.25e-05
1781413200060,1.25e-05
1781416800020,9.4642e-06
1781420400012,1.25e-05
1781424000012,1.25e-05
1781427600044,1.25e-05
1781431200035,1.25e-05
1781434800048,1.25e-05
1781438400020,1.25e-05
1781442000056,7.1674e-06
1781445600060,7.7257e-06
1781449200056,1.25e-05
1781452800021,1.25e-05
1781456400045,1.25e-05
1781460000069,3.8956e-06
1781463600035,1.25e-05
1781467200066,1.25e-05
1781470800006,1.25e-05
1781474400000,1.25e-05
1781478000037,1.25e-05
1781481600049,1.25e-05
1781485200042,8.8257e-06
1781488800063,1.25e-05
1781492400033,1.25e-05
1781496000023,1.25e-05
1781499600034,8.218e-06
1781503200000,1.25e-05
1781506800033,1.25e-05
1781510400043,1.25e-05
1781514000039,1.25e-05
1781517600048,1.25e-05
1781521200029,1.25e-05
1781524800000,1.25e-05
1781528400063,1.25e-05
1781532000031,1.25e-05
1781535600041,9.0404e-06
1781539200005,8.274e-07
1781542800050,4.2773e-06
1781546400012,7.4966e-06
1781550000021,8.9755e-06
1781553600038,-8.788e-07
1781557200032,-4.623e-07
1781560800024,-1.8889e-06
1781564400029,1.4923e-06
1781568000049,3.2685e-06
1781571600062,4.9604e-06
1781575200020,2.1925e-06
1781578800030,-5.2574e-06
1781582400067,-4.813e-07
1781586000040,1.1295e-06
1781589600054,5.4219e-06
1781593200002,7.1253e-06
1781596800014,1.0194e-06
1781600400032,9.2768e-06
1781604000053,1.25e-05
1781607600052,1.19506e-05
1781611200012,5.8353e-06
1781614800018,8.488e-06
1781618400003,9.7068e-06
1781622000025,5.8367e-06
1781625600006,1.12649e-05
1781629200014,1.25e-05
1781632800055,1.25e-05
1781636400059,1.25e-05
1781640000016,1.25e-05
1781643600008,1.25e-05
1781647200006,9.5402e-06
1781650800065,7.4201e-06
1781654400032,3.4362e-06
1781658000044,2.0765e-06
1781661600023,7.0322e-06
1781665200051,1.19105e-05
1781668800000,1.23187e-05
1781672400013,4.1932e-06
1781676000002,1.07216e-05
1781679600050,1.10799e-05
1781683200007,7.2381e-06
1781686800041,3.0446e-06
1781690400045,1.25e-05
1781694000045,1.25e-05
1781697600050,1.25e-05
1781701200010,1.25e-05
1781704800055,1.25e-05
1781708400065,1.25e-05
1781712000021,1.25e-05
1781715600008,1.25e-05
1781719200085,2.5294e-06
1781722800014,3.4643e-06
1781726400002,3.91e-06
1781730000044,2.2663e-06
1781733600055,-9.735e-07
1781737200018,-2.5724e-06
1781740800025,-3.8917e-06
1781744400017,-8.725e-07
1781748000016,-4.668e-06
1781751600014,-9.5807e-06
1781755200006,-1.40099e-05
1781758800058,-1.21716e-05
1781762400043,2.6909e-06
1781766000049,4.2691e-06
1781769600053,2.7816e-06
1781773200012,-1.5194e-06
1781776800028,-4.0985e-06
1781780400027,3.2256e-06
1781784000055,7.1706e-06
1781787600033,1.25e-05
1781791200057,-4.1974e-06
1781794800016,-1.32848e-05
1781798400053,-1.70324e-05
1781802000046,7.106e-06
1781805600046,8.7879e-06
1781809200059,1.25e-05
1781812800014,4.9308e-06
1781816400066,1.25e-05
1781820000060,1.25e-05
1781823600062,1.25e-05
1781827200011,3.4673e-06
1781830800007,1.25e-05
1781834400023,1.20219e-05
1781838000002,8.3981e-06
1781841600042,1.25e-05
1781845200002,1.25e-05
1781848800022,1.25e-05
1781852400062,1.25e-05
1781856000051,7.0614e-06
1781859600032,7.0452e-06
1781863200018,4.6183e-06
1781866800000,1.17046e-05
1781870400053,1.14699e-05
1781874000015,8.9368e-06
1781877600037,1.11506e-05
1781881200043,1.25e-05
1781884800032,1.25e-05
1781888400013,1.25e-05
1781892000044,9.4328e-06
1781895600013,1.25e-05
1781899200028,1.25e-05
1781902800023,1.25e-05
1781906400007,1.25e-05
1781910000072,1.25e-05
1781913600067,1.25e-05
1781917200031,1.2219e-05
1781920800026,9.2121e-06
1781924400064,4.4195e-06
1781928000056,4.5835e-06
1781931600023,1.25e-05
1781935200048,1.25e-05
1781938800021,1.25e-05
1781942400036,1.25e-05
1781946000017,1.4874e-06
1781949600001,9.3989e-06
1781953200008,6.4863e-06
1781956800010,1.07853e-05
1781960400008,3.8266e-06
1781964000023,3.9752e-06
1781967600024,1.21083e-05
1781971200039,1.25e-05
1781974800006,5.9951e-06
1781978400046,3.8863e-06
1781982000017,1.7967e-06
1781985600032,7.6944e-06
1781989200043,9.0437e-06
1781992800059,1.25e-05
1781996400038,1.25e-05
1782000000047,1.25e-05
1782003600035,1.25e-05
1782007200009,1.25e-05
1782010800033,1.25e-05
1782014400034,1.09303e-05
1782018000004,1.00536e-05
1782021600025,-5.7e-09
1782025200043,2.6072e-06
1782028800033,-2.7056e-06
1782032400005,-6.2019e-06
1782036000020,8.7119e-06
1782039600040,5.2761e-06
1782043200044,-4.7459e-06
1782046800053,-1.31008e-05
1782050400007,-1.13397e-05
1782054000003,-8.0165e-06
1782057600030,-2.4511e-06
1782061200007,-5.4436e-06
1782064800046,-3.7171e-06
1782068400029,-3.2544e-06
1782072000036,-5.2568e-06
1782075600057,-5.8244e-06
1782079200077,-1.66529e-05
1782082800061,-5.2208e-06
1782086400011,-6.1048e-06
1782090000019,-4.2085e-06
1782093600074,1.112e-06
1782097200037,1.625e-07
1782100800020,-4.032e-07
1782104400054,1.5422e-06
1782108000033,2.1272e-06
1782111600031,1.7466e-06
1782115200054,7.2571e-06
1782118800012,9.7535e-06
1782122400040,1.03105e-05
1782126000045,8.8485e-06
1782129600028,1.25e-05
1782133200062,1.01211e-05
1782136800004,2.0572e-06
1782140400009,2.285e-07
1782144000016,7.2038e-06
1782147600020,1.25e-05
1782151200035,1.25e-05
1782154800028,1.25e-05
1782158400037,1.25e-05
1782162000027,1.25e-05
1782165600001,1.25e-05
1782169200047,1.25e-05
1782172800019,1.25e-05
1782176400050,1.25e-05
1782180000059,1.25e-05
1782183600043,8.7723e-06
1782187200043,5.0152e-06
1782190800000,5.1996e-06
1782194400028,9.8166e-06
1782198000005,9.15e-08
1782201600004,-4.5402e-06
1782205200027,-9.0926e-06
1782208800015,-8.6932e-06
1782212400038,-5.8728e-06
1782216000032,5.3496e-06
1782219600064,8.6098e-06
1782223200005,9.2052e-06
1782226800068,7.5091e-06
1782230400018,3.1741e-06
1782234000004,1.22657e-05
1782237600057,1.12356e-05
1782241200036,9.086e-06
1782244800052,1.25e-05
1782248400041,1.25e-05
1782252000077,1.15542e-05
1782255600017,1.07788e-05
1782259200059,1.25e-05
1782262800007,1.25e-05
1782266400045,1.25e-05
1782270000043,9.8136e-06
1782273600009,1.25e-05
1782277200004,1.25e-05
1782280800031,1.25e-05
1782284400002,4.6544e-06
1782288000010,-2.7601e-06
1782291600011,6.9275e-06
1782295200043,9.8227e-06
1782298800026,6.7893e-06
1782302400040,5.1607e-06
1782306000010,4.421e-07
1782309600048,-4.1508e-06
1782313200052,4.2983e-06
1782316800060,-2.2568e-06
1782320400011,4.5381e-06
1782324000061,-7.0317e-06
1782327600107,8.821e-07
1782331200013,5.3178e-06
1782334800057,5.3486e-06
1782338400034,3.8264e-06
1782342000012,-2.28e-06
1782345600020,-2.964e-07
1782349200006,1.4929e-06
1782352800035,-9.215e-07
1782356400010,-5.1557e-06
1782360000019,-8.506e-06
1782363600009,3.7713e-06
1782367200044,2.16e-06
1782370800021,1.2884e-06
1782374400066,-6.489e-07
1782378000009,-7.7055e-06
1782381600040,-4.107e-06
1782385200059,-5.146e-06
1782388800013,-4.4893e-06
1782392400054,-2.1264e-06
1782396000004,-1.42952e-05
1782399600031,-1.97415e-05
1782403200049,-4.7767e-06
1782406800028,-5.3158e-06
1782410400008,-2.6261e-06
1782414000054,1.5991e-06
1782417600025,-4.2613e-06
1782421200001,-8.174e-07
1782424800049,1.3853e-06
1782428400053,-7.3666e-06
1782432000043,-3.331e-06
1782435600034,-7.0816e-06
1782439200084,-1.1692e-05
1782442800008,-1.53865e-05
1782446400013,1.693e-07
1782450000010,1.09522e-05
1782453600030,4.8834e-06
1782457200029,-6.5597e-06
1782460800070,-5.9278e-06
1782464400001,-1.26616e-05
1782468000009,-8.0603e-06
1782471600032,1.25e-08
1782475200076,2.7049e-06
1782478800058,4.6336e-06
1782482400025,-1.9509e-06
1782486000036,1.303e-07
1782489600035,2.5329e-06
1782493200027,-2.9854e-06
1782496800042,-3.616e-06
1782500400058,-7.8836e-06
1782504000001,-9.643e-07
1782507600081,-1.721e-07
1782511200052,4.4487e-06
1782514800072,-1.4599e-06
1782518400047,1.7298e-06
1782522000061,-2.5728e-06
1782525600033,-7.2372e-06
1782529200064,7.0285e-06
1782532800005,7.318e-06
1782536400052,5.2405e-06
1782540000003,-4.916e-07
1782543600022,-1.6603e-06
1782547200062,4.2032e-06
1782550800001,-5.609e-07
1782554400064,-4.085e-07
1782558000032,7.014e-07
1782561600003,-1.3297e-06
1782565200057,-4.7106e-06
1782568800038,1.0422e-06
1782572400065,6.7297e-06
1782576000043,1.01735e-05
1782579600058,1.2155e-05
1782583200108,1.07849e-05
1782586800053,6.8748e-06
1782590400044,4.437e-06
1782594000058,4.0869e-06
1782597600021,3.6289e-06
1782601200040,-1.2937e-06
1782604800067,-9.1266e-06
1782608400011,-5.9325e-06
1782612000060,3.2832e-06
1782615600023,1.2853e-06
1782619200024,4.3666e-06
1782622800062,4.9955e-06
1782626400048,1.6996e-06
1782630000131,1.12891e-05
1782633600007,1.19922e-05
1782637200030,-1.7174e-06
1782640800008,-5.101e-07
1782644400056,-6.7876e-06
1782648000000,6.5001e-06
1782651600035,7.575e-06
1782655200057,4.816e-07
1782658800011,-4.776e-07
1782662400009,-2.9793e-06
1782666000008,-5.3064e-06
1782669600035,3.2652e-06
1782673200062,7.2002e-06
1782676800011,7.19e-07
1782680400003,3.3935e-06
1782684000039,5.9963e-06
1782687600013,2.8958e-06
1782691200001,8.8272e-06
1782694800041,2.0291e-06
1782698400037,4.7173e-06
1782702000024,2.9224e-06
1782705600028,2.708e-06
1782709200033,2.937e-07
1782712800084,5.5019e-06
1782716400013,2.8439e-06
1782720000021,5.7967e-06
1782723600032,5.8906e-06
1782727200059,9.1666e-06
1782730800002,4.3036e-06
1782734400034,4.8464e-06
1782738000037,8.3323e-06
1782741600097,6.1273e-06
1782745200041,1.25e-05
1782748800009,8.9288e-06
1782752400026,1.8169e-06
1782756000054,2.0836e-06
1782759600032,8.1235e-06
1782763200010,1.11065e-05
1782766800059,3.6097e-06
1782770400020,1.0217e-05
1782774000049,7.4115e-06
1782777600028,2.8767e-06
1782781200022,7.7651e-06
1782784800047,9.0354e-06
1782788400041,5.0884e-06
1782792000028,-4.87e-06
1782795600052,4.5111e-06
1782799200065,1.25e-05
1782802800042,1.25e-05
1782806400071,1.25e-05
1782810000015,1.23847e-05
1782813600034,1.25e-05
1782817200061,1.25e-05
1782820800037,1.07344e-05
1782824400033,-1.493e-07
1782828000043,6.2665e-06
1782831600058,1.25e-05
1782835200010,1.21714e-05
1782838800028,1.13399e-05
1782842400014,1.25e-05
1782846000063,1.25e-05
1782849600065,1.15754e-05
1782853200051,1.4058e-06
1782856800045,1.7818e-06
1782860400048,6.8525e-06
1782864000063,6.0184e-06
1782867600046,1.3738e-06
1782871200018,-5.1677e-06
1782874800011,2.722e-06
1782878400001,3.9802e-06
1782882000000,1.17586e-05
1782885600001,-5.252e-07
1782889200022,1.6575e-06
1782892800065,6.4315e-06
1782896400040,1.20266e-05
1782900000048,1.25e-05
1782903600001,4.8544e-06
1782907200044,1.10907e-05
1782910800001,4.8489e-06
1782914400006,9.9104e-06
1782918000012,1.3904e-06
1782921600045,1.25e-05
1782925200022,1.25e-05
1782928800061,1.25e-05
1782932400036,1.25e-05
1782936000005,1.25e-05
1782939600007,1.25e-05
1782943200086,1.25e-05
1782946800056,1.25e-05
1782950400074,1.25e-05
1782954000014,1.25e-05
1782957600020,1.25e-05
1782961200070,1.25e-05
1782964800033,1.25e-05
1782968400047,1.25e-05
1782972000007,1.25e-05
1782975600011,1.25e-05
1782979200014,1.25e-05
1782982800010,1.25e-05
1782986400006,1.25e-05
1782990000037,1.25e-05
1782993600030,1.25e-05
1782997200027,1.25e-05
1783000800025,1.25e-05
1783004400055,1.25e-05
1783008000068,1.25e-05
1783011600026,1.25e-05
1783015200007,1.25e-05
1783018800044,1.25e-05
1783022400007,1.25e-05
1783026000031,1.25e-05
1783029600025,1.25e-05
1783033200029,1.25e-05
1783036800018,1.25e-05
1783040400017,1.25e-05
1783044000081,1.25e-05
1783047600031,1.25e-05
1783051200034,1.25e-05
1783054800012,1.25e-05
1783058400078,1.25e-05
1783062000025,1.25e-05
1783065600049,1.89181e-05
1783069200022,1.25e-05
1783072800017,1.25e-05
1783076400042,1.25e-05
1783080000004,1.25e-05
1783083600007,1.25e-05
1783087200011,1.25e-05
1783090800026,1.25e-05
1783094400062,1.25e-05
1783098000007,1.25e-05
1783101600046,1.25e-05
1783105200040,1.25e-05
1783108800014,1.25e-05
1783112400013,1.25e-05
1783116000049,1.25e-05
1783119600014,1.25e-05
1783123200014,1.25e-05
1783126800023,1.25e-05
1783130400022,1.25e-05
1783134000012,1.25e-05
1783137600074,1.25e-05
1783141200064,1.25e-05
1783144800006,1.25e-05
1783148400009,1.25e-05
1783152000041,1.25e-05
1783155600033,1.25e-05
1783159200068,1.25e-05
1783162800049,1.25e-05
1783166400014,1.25e-05
1783170000049,1.25e-05
1783173600051,1.25e-05
1783177200083,1.25e-05
1783180800074,1.25e-05
1783184400031,1.25e-05
1783188000016,1.25e-05
1783191600033,1.25e-05
1783195200036,1.25e-05
1783198800023,1.25e-05
1783202400015,1.25e-05
1783206000021,1.25e-05
1783209600077,1.25e-05
1783213200057,1.25e-05
1783216800021,1.25e-05
1783220400031,1.25e-05
1783224000046,1.25e-05
1783227600013,1.25e-05
1783231200042,1.25e-05
1783234800059,1.25e-05
1783238400002,1.25e-05
1783242000041,1.25e-05
1783245600044,1.25e-05
1783249200023,1.25e-05
1783252800030,1.25e-05
1783256400036,1.25e-05
1783260000038,1.25e-05
1783263600031,1.25e-05
1783267200001,1.25e-05
1783270800030,1.25e-05
1783274400013,1.25e-05
1783278000023,1.25e-05
1783281600039,1.25e-05
1783285200043,1.25e-05
1783288800042,1.25e-05
1783292400024,1.25e-05
1783296000026,1.25e-05
1783299600010,1.25e-05
1783303200061,1.25e-05
1783306800027,1.25e-05
1783310400055,1.25e-05
1783314000021,1.25e-05
1783317600057,1.25e-05
1783321200035,1.25e-05
1783324800012,1.25e-05
1783328400015,1.25e-05
1783332000027,1.25e-05
1783335600052,1.25e-05
1783339200006,1.25e-05
1783342800006,1.25e-05
1783346400030,1.25e-05
1783350000126,1.25e-05
1783353600080,1.25e-05
1783357200022,1.25e-05
1783360800024,1.25e-05
1783364400057,1.25e-05
1783368000066,1.25e-05
1783371600039,1.25e-05
1783375200063,1.25e-05
1783378800027,1.25e-05
1783382400045,1.25e-05
1783386000016,1.25e-05
1783389600038,1.25e-05
1783393200016,1.25e-05
1783396800040,1.25e-05
1783400400044,1.25e-05
1783404000057,1.25e-05
1783407600030,1.25e-05
1783411200059,1.25e-05
1783414800050,1.25e-05
1783418400014,1.25e-05
1783422000093,1.25e-05
1783425600031,1.25e-05
1783429200060,1.25e-05
1783432800064,1.25e-05
1783436400094,1.25e-05
1783440000045,1.25e-05
1783443600069,1.25e-05
1783447200007,1.25e-05
1783450800045,1.25e-05
1783454400007,1.25e-05
1783458000010,1.25e-05
1783461600012,1.25e-05
1783465200057,1.25e-05
1783468800001,1.25e-05
1783472400064,1.25e-05
1783476000004,1.25e-05
1783479600071,1.25e-05
1783483200037,1.25e-05
1783486800031,1.25e-05
1783490400060,1.25e-05
1783494000053,1.25e-05
1783497600050,1.25e-05
1783501200088,1.25e-05
1783504800012,1.25e-05
1783508400026,1.25e-05
1783512000007,1.25e-05
1783515600036,1.25e-05
1783519200017,1.25e-05
1783522800041,1.25e-05
1783526400052,1.25e-05
1783530000041,1.25e-05
1783533600123,1.25e-05
1783537200005,1.25e-05
1783540800010,1.25e-05
1783544400047,1.25e-05
1783548000056,1.25e-05
1783551600004,1.25e-05
1783555200002,1.25e-05
1783558800031,1.25e-05
1783562400080,1.25e-05
1783566000095,1.25e-05
1783569600024,1.25e-05
1783573200045,1.25e-05
1783576800066,1.25e-05
1783580400047,1.25e-05
1783584000032,1.25e-05
1783587600034,1.25e-05
1783591200040,1.25e-05
1783594800063,1.25e-05
1783598400002,1.25e-05
1783602000000,1.25e-05
1783605600059,1.25e-05
1783609200019,1.25e-05
1783612800068,1.25e-05
1783616400028,1.25e-05
1783620000034,1.25e-05
1783623600065,1.25e-05
1783627200026,1.25e-05
1783630800018,1.25e-05
1783634400018,1.25e-05
1783638000113,1.25e-05
1783641600078,1.25e-05
1783645200006,1.25e-05
1783648800014,1.25e-05
1783652400026,1.25e-05
1783656000004,1.25e-05
1783659600103,1.25e-05
1783663200056,1.25e-05
1783666800075,1.25e-05
1783670400011,1.25e-05
1783674000001,1.25e-05
1783677600010,1.25e-05
1783681200063,1.25e-05
1783684800048,1.25e-05
1783688400040,1.25e-05
1783692000038,1.25e-05
1783695600058,1.25e-05
1783699200002,1.25e-05
1783702800023,1.25e-05
1783706400023,1.25e-05
1783710000029,1.25e-05
1783713600039,1.25e-05
1783717200032,1.25e-05
1783720800008,1.25e-05
1783724400054,1.25e-05
1783728000046,1.25e-05
1783731600003,1.25e-05
1783735200086,1.25e-05
1783738800061,1.25e-05
1783742400000,1.25e-05
1783746000014,1.25e-05
1783749600004,1.25e-05
1783753200002,1.25e-05
1783756800047,1.25e-05
1783760400015,1.25e-05
1783764000064,1.25e-05
1783767600007,1.25e-05
1783771200045,1.25e-05
1783774800057,1.25e-05
1783778400068,1.25e-05
1783782000046,1.25e-05
1783785600012,1.25e-05
1783789200042,1.25e-05
1783792800014,1.25e-05
1783796400040,1.25e-05
1783800000027,1.25e-05
1783803600018,1.25e-05
1783807200055,1.25e-05
1783810800000,1.25e-05
1783814400016,1.25e-05
1783818000039,1.25e-05
1783821600006,1.25e-05
1783825200028,1.25e-05
1783828800023,1.25e-05
1783832400029,1.25e-05
1783836000033,1.25e-05
1783839600036,1.25e-05
1783843200016,1.25e-05
1783846800011,1.25e-05
1783850400018,1.25e-05
1783854000026,1.25e-05
1783857600051,1.25e-05
1783861200002,1.25e-05
1783864800005,1.25e-05
1783868400049,1.25e-05
1783872000038,1.25e-05
1783875600033,1.25e-05
1783879200074,1.25e-05
1783882800028,1.25e-05
1783886400131,1.25e-05
1783890000020,1.25e-05
1783893600022,1.25e-05
1783897200070,1.25e-05
1783900800059,1.25e-05
1783904400019,1.25e-05
1783908000075,1.25e-05
1783911600046,1.25e-05
1783915200053,1.25e-05
1783918800041,1.25e-05
1783922400026,1.25e-05
1783926000058,1.25e-05
1783929600019,1.25e-05
1783933200001,1.25e-05
1783936800032,1.25e-05
1783940400001,1.25e-05
1783944000048,1.25e-05
1783947600014,1.25e-05
1783951200010,1.25e-05
1783954800082,1.25e-05
1783958400032,1.25e-05
1783962000052,1.25e-05
1783965600052,1.25e-05
1783969200116,1.25e-05
1783972800071,1.25e-05
1783976400041,1.25e-05
1783980000060,1.25e-05
1783983600021,1.25e-05
1783987200011,1.25e-05
1783990800018,1.25e-05
1783994400032,1.25e-05
1783998000017,1.25e-05
1784001600061,1.25e-05
1784005200064,1.25e-05
1784008800074,1.25e-05
1784012400044,1.25e-05
1784016000009,1.25e-05
1784019600061,1.25e-05
1784023200113,1.25e-05
1784026800030,1.25e-05
1784030400008,1.25e-05
1784034000028,1.25e-05
1784037600012,1.16182e-05
1784041200038,1.25e-05
1784044800005,1.25e-05
1784048400042,1.2039e-05
1784052000013,1.25e-05
1784055600021,1.25e-05
1784059200027,1.25e-05
1784062800003,1.25e-05
1784066400007,1.25e-05
1784070000049,1.25e-05
1784073600046,1.25e-05
1784077200032,1.25e-05
1784080800028,1.25e-05
1784084400041,1.25e-05
1784088000005,1.25e-05
1784091600066,1.25e-05
1784095200025,1.25e-05
1784098800039,1.25e-05
1784102400024,1.25e-05
1784106000018,1.25e-05
1784109600013,1.25e-05
1784113200002,1.25e-05
1784116800055,1.25e-05
1784120400042,1.25e-05
1784124000050,1.25e-05
1784127600004,1.25e-05
1784131200009,1.25e-05
1784134800031,1.25e-05
1784138400023,1.25e-05
1784142000063,1.25e-05
1784145600068,1.25e-05
1784149200027,1.25e-05
1784152800016,7.7071e-06
1784156400034,1.25e-05
1784160000034,1.25e-05
1784163600054,1.25e-05
1784167200027,1.25e-05
1784170800033,1.25e-05
1784174400056,1.25e-05
1784178000122,1.25e-05
1784181600066,1.25e-05
1784185200042,1.25e-05
1784188800015,1.25e-05
1784192400017,1.25e-05
1784196000008,1.25e-05
1784199600020,1.25e-05
1784203200028,1.25e-05
1784206800050,1.25e-05
1784210400054,1.25e-05
1784214000016,1.25e-05
1784217600041,1.25e-05
1784221200000,1.25e-05
1784224800011,1.25e-05
1784228400031,1.25e-05
1784232000030,1.25e-05
1784235600011,1.25e-05
1784239200008,1.25e-05
1784242800017,1.25e-05
1784246400018,1.25e-05
1784250000021,1.25e-05
1784253600001,1.25e-05
1784257200017,1.25e-05
1784260800041,1.25e-05
1784264400052,1.25e-05
1784268000032,1.25e-05
1784271600072,1.25e-05
1784275200065,1.25e-05
1784278800031,1.25e-05
1784282400070,1.25e-05
1784286000020,1.25e-05
1784289600011,1.25e-05
1784293200060,1.25e-05
1784296800111,1.25e-05
1784300400050,1.25e-05
1784304000048,1.25e-05
1784307600062,1.25e-05
1784311200022,1.25e-05
1784314800025,1.25e-05
1784318400039,1.25e-05
1784322000065,1.25e-05
1784325600069,1.25e-05
1784329200041,1.25e-05
1784332800082,1.25e-05
1784336400081,1.25e-05
1784340000013,1.25e-05
1784343600008,1.25e-05
1784347200021,1.25e-05
1784350800016,1.25e-05
1784354400028,1.25e-05
1784358000025,1.25e-05
1784361600019,1.25e-05
1784365200040,1.25e-05
1784368800020,1.25e-05
1784372400039,1.25e-05
1784376000044,1.25e-05
1784379600006,1.25e-05
1784383200061,1.25e-05
1784386800024,1.25e-05
1784390400043,1.25e-05
1784394000035,1.25e-05
1784397600031,1.25e-05
1784401200033,1.25e-05
1784404800016,1.25e-05
1784408400006,1.25e-05
1784412000011,1.25e-05
1784415600009,1.25e-05
1784419200030,1.25e-05
1784422800044,1.25e-05
1784426400055,1.25e-05
1784430000022,1.25e-05
1784433600031,1.25e-05
1784437200043,1.25e-05
1784440800032,1.25e-05
1784444400047,1.25e-05
1784448000093,1.25e-05
1784451600026,1.25e-05
1784455200030,1.25e-05
1784458800033,1.25e-05
1784462400037,1.25e-05
1784466000014,1.25e-05
1784469600135,1.25e-05
1784473200019,1.25e-05
1784476800007,1.25e-05
1784480400043,1.25e-05
1784484000049,1.25e-05
1784487600049,1.25e-05
1784491200010,1.25e-05
1784494800026,1.25e-05
1784498400049,1.25e-05
1784502000014,1.25e-05
1784505600034,1.25e-05
1784509200063,1.25e-05
1784512800052,1.25e-05
1784516400046,1.25e-05
1784520000011,1.25e-05
1784523600027,7.9053e-06
1784527200047,8.5251e-06
1784530800008,6.8198e-06
1784534400058,6.0646e-06
1784538000029,3.3759e-06
1784541600029,1.25e-05
1784545200000,1.25e-05
1784548800000,1.25e-05
1784552400047,1.25e-05
1784556000049,1.25e-05
1784559600053,1.25e-05
1784563200104,1.25e-05
1784566800046,8.0115e-06
1784570400027,7.6867e-06
1784574000035,-1.04164e-05
1784577600008,-1.77488e-05
1784581200006,1.25e-05
1784584800003,1.25e-05
1784588400048,4.0459e-06
1784592000040,6.284e-07
1784595600005,7.3436e-06
1784599200036,5.1847e-06
1784602800030,2.65e-08
1784606400001,3.1631e-06
1784610000004,1.25e-05
1784613600043,9.516e-06
1784617200034,7.3771e-06
1784620800035,1.25e-05
1784624400044,9.6383e-06
1784628000032,7.9184e-06
1784631600043,3.8798e-06
1784635200029,1.03552e-05
1784638800025,8.053e-06
1784642400062,1.09345e-05
1784646000021,-1.14156e-05
1784649600022,-6.4354e-06
1784653200028,-2.2268e-06
1784656800028,1.9598e-06
1784660400068,1.25e-05
1784664000059,1.25e-05
1784667600047,4.4117e-06
1784671200051,5.1303e-06
1784674800023,2.9916e-06
1784678400025,1.02069e-05
1784682000013,8.8363e-06
1784685600091,1.078e-06
1784689200043,1.25e-05
1784692800052,1.25e-05
1784696400087,1.25e-05
1784700000048,9.6619e-06
1784703600019,1.6165e-06
1784707200039,4.997e-07
1784710800028,1.01286e-05
1784714400025,1.25e-05
1784718000047,1.25e-05
1784721600037,1.25e-05
1784725200052,1.25e-05
1784728800038,1.25e-05
1784732400018,1.25e-05
1784736000004,1.25e-05
1784739600047,1.25e-05
1784743200015,1.25e-05
1784746800007,6.0242e-06
1784750400054,9.3072e-06
1784754000034,1.25e-05
1784757600043,1.25e-05
1784761200077,5.4534e-06
1784764800046,1.25e-05
1784768400058,1.25e-05
1784772000049,-1.1132e-06
1784775600067,-1.3762e-06
1784779200046,-1.3465e-06
1784782800067,-8.324e-07
1784786400001,1.5042e-06
1784790000055,9.8578e-06
1784793600021,1.25e-05
1784797200020,1.25e-05
1784800800014,1.25e-05
1784804400040,1.25e-05
1784808000099,1.19826e-05
1784811600032,1.25e-05
1784815200121,1.25e-05
1784818800032,1.25e-05
1784822400001,1.25e-05
1784826000006,1.25e-05
1784829600046,1.25e-05
1784833200048,1.25e-05
1784836800072,1.25e-05
1784840400028,1.25e-05
1784844000038,9.7727e-06
1784847600033,6.9202e-06
1784851200021,2.2936e-06
1784854800060,7.04e-07
1784858400004,1.04877e-05
1784862000054,1.01729e-05
1784865600047,1.13503e-05
1784869200044,2.8807e-06
1784872800049,1.25e-05
1784876400012,1.25e-05
1784880000029,1.25e-05
1784883600044,1.25e-05
1784887200051,1.25e-05
1784890800034,1.25e-05
1784894400033,1.14212e-05
1784898000024,1.25e-05
1784901600060,1.25e-05
1784905200053,1.25e-05
1784908800051,1.25e-05
1784912400029,1.25e-05
1784916000063,1.25e-05
1784919600035,1.25e-05
1784923200052,1.25e-05
1784926800060,1.25e-05
1784930400008,1.25e-05
1784934000024,1.25e-05
1784937600066,1.25e-05
1784941200036,1.25e-05
1784944800050,1.25e-05
1784948400016,1.0696e-05
1784952000036,1.02798e-05
1784955600032,1.25e-05
1784959200063,1.14042e-05
1784962800028,1.0501e-05
1784966400047,2.7994e-06
1784970000030,4.3365e-06
1784973600040,3.1316e-06
1784977200051,1.25e-05
1784980800058,1.25e-05
1784984400037,1.25e-05
1784988000001,1.25e-05
1784991600012,1.25e-05
1784995200062,1.25e-05
1784998800039,1.25e-05
1785002400031,1.25e-05
1785006000056,1.25e-05
1785009600057,1.25e-05
1785013200005,1.25e-05
1785016800002,1.25e-05
1785020400011,1.25e-05
1785024000055,1.25e-05
1785027600055,1.25e-05
1785031200111,1.25e-05
1785034800030,1.25e-05
1785038400021,1.25e-05
1785042000034,1.25e-05
1785045600052,9.5017e-06
1785049200060,1.07021e-05
1785052800022,1.25e-05
1785056400063,1.25e-05
1785060000012,1.11805e-05
1785063600047,7.9106e-06
1785067200121,6.3284e-06
1785070800046,7.2923e-06
1785074400019,5.4724e-06
1785078000018,-1.24e-07
1785081600062,5.705e-07
1785085200066,4.2004e-06
1785088800070,2.3335e-06
1785092400031,6.3375e-06
1785096000057,6.7661e-06
1785099600001,2.9896e-06
1785103200023,8.4964e-06
1785106800005,1.10841e-05
1785110400074,1.25e-05
1785114000022,1.04175e-05
1785117600111,1.09297e-05
1785121200017,1.1633e-05
1785124800014,1.25e-05
1785128400040,1.25e-05
1785132000021,5.2691e-06
1785135600052,7.4381e-06
1785139200015,7.8469e-06
1785142800005,4.9506e-06
1785146400038,1.1073e-05
1785150000013,1.03603e-05
1785153600054,4.3019e-06
1785157200017,2.571e-07
1785160800021,8.6998e-06
1785164400018,2.789e-06
1785168000017,2.788e-07
1785171600018,-7.679e-07
1785175200035,9.148e-07
1785178800040,-2.9815e-06
1785182400016,3.8186e-06
1785186000117,1.1921e-06
1785189600062,-6.3019e-06
1785193200059,-1.9358e-06
1785196800026,1.25e-05
1785200400044,1.25e-05
1785204000059,8.6981e-06
1785207600015,5.4716e-06
1785211200006,1.25e-05
1785214800046,1.25e-05
1785218400038,1.25e-05
1785222000018,1.25e-05
1785225600004,1.25e-05
1785229200012,1.25e-05
1785232800065,1.25e-05
1785236400046,1.25e-05
1785240000028,1.25e-05
1785243600014,1.25e-05
1785247200032,1.25e-05
1785250800056,1.25e-05
1785254400052,1.25e-05
1785258000100,1.25e-05
1785261600050,1.25e-05
1785265200029,4.2757e-06
1785268800046,1.09704e-05
1785272400006,8.3682e-06
1785276000009,1.0859e-05
1785279600117,5.823e-06
1785283200066,6.1723e-06
1785286800023,1.25e-05
1785290400013,1.25e-05
1785294000002,1.25e-05
1785297600027,1.18816e-05
1785301200043,1.25e-05
1785304800033,1.25e-05
1785308400047,1.00885e-05
1785312000009,1.25e-05
1785315600043,8.2649e-06
1785319200051,1.13131e-05
1785322800011,1.3375e-06
1785326400040,5.3386e-06
1785330000030,9.8296e-06
1785333600028,9.8821e-06
1785337200042,8.6175e-06
1785340800011,1.25e-05
1785344400057,1.25e-05
1785348000021,1.09852e-05
1785351600020,-2.3514e-06
1785355200045,-6.4946e-06
1785358800032,5.1127e-06
1785362400030,1.25e-05
1785366000078,1.25e-05
1785369600016,1.25e-05
1785373200067,1.25e-05
1785376800024,1.25e-05
1785380400064,1.25e-05
1785384000061,1.25e-05
1785387600025,1.21218e-05
1785391200057,8.1467e-06
1785394800041,9.3645e-06
1785398400046,6.0079e-06
1785402000054,8.7438e-06
1785405600067,9.3301e-06
1785409200013,3.8564e-06
1785412800051,4.46e-06
1785416400020,2.4248e-06
1785420000019,-2.3461e-06
1785423600013,-8.8182e-06
1785427200040,-3.295e-06
1785430800060,-2.329e-06
1785434400010,1.4377e-06
1785438000002,-4.275e-06
1785441600025,7.9718e-06
1785445200008,9.6365e-06
1785448800003,2.2255e-06
1785452400025,1.25e-05
1785456000072,1.25e-05
1785459600063,1.25e-05
1785463200040,1.25e-05
1785466800044,-2.0965e-06
1785470400030,1.25e-05
1785474000038,1.21974e-05
1785477600055,1.25e-05
1785481200009,7.4986e-06
1785484800011,-7.035e-07
1785488400061,7.6723e-06
1785492000003,9.3144e-06
1785495600048,1.25e-05
1785499200019,-1.17e-08
1785502800019,-2.894e-07
1785506400016,1.25e-05
1785510000020,1.25e-05
1785513600020,1.25e-05
1785517200020,1.25e-05
1785520800073,1.19762e-05
1785524400025,2.0544e-06
1785528000032,5.5176e-06
1785531600015,7.6724e-06
1785535200004,2.0641e-06
1785538800013,4.5245e-06
1785542400080,2.5518e-06
1785546000003,1.5613e-06
1785549600017,2.4812e-06
1785553200054,7.0406e-06
1785556800008,1.25e-05
1785560400065,1.20965e-05
1785564000017,6.837e-06
1785567600061,3.2512e-06
1785571200000,-5.2536e-06
1785574800035,5.9811e-06
1785578400056,9.8902e-06
1785582000029,6.3406e-06
1785585600034,6.6699e-06
1785589200036,3.673e-06
1785592800045,3.374e-06
1785596400003,6.1247e-06
1785600000043,6.5252e-06
1785603600022,7.2383e-06
1785607200001,9.736e-07
1785610800030,2.6939e-06
1785614400033,1.0989e-06
1785618000006,7.1726e-06
1785621600018,1.25e-05
1785625200048,1.25e-05
1785628800059,8.2395e-06
1785632400056,1.02725e-05
1785636000002,1.25e-05
1785639600019,1.25e-05
1785643200017,1.25e-05
1785646800026,1.25e-05
1785650400014,1.25e-05
1785654000053,1.25e-05
1785657600020,1.25e-05
1785661200124,1.25e-05
1785664800023,1.25e-05
1785668400055,1.25e-05
1785672000048,1.25e-05
1785675600004,1.25e-05
1785679200034,1.25e-05
1785682800048,1.25e-05
1785686400028,1.25e-05
1785690000029,1.25e-05
1785693600002,1.25e-05
1785697200002,1.25e-05
1785700800033,1.25e-05
1785704400037,1.25e-05
1785708000043,1.25e-05
1785711600033,1.25e-05
1785715200028,1.25e-05
1785718800062,1.25e-05
1785722400043,1.25e-05
1785726000042,1.25e-05
1785729600051,1.25e-05
1785733200017,1.25e-05
1785736800062,1.25e-05
1785740400026,1.25e-05
1785744000042,1.25e-05
1785747600041,1.05833e-05
1785751200030,1.25e-05
1785754800110,1.25e-05
1785758400055,1.25e-05
1785762000036,1.25e-05
1785765600010,1.25e-05
1785769200047,1.25e-05
1785772800039,3.281e-06
1785776400017,3.5547e-06
1785780000004,3.7841e-06
1785783600127,2.2049e-06
1785787200020,2.1602e-06
1785790800021,2.4801e-06
1785794400018,6.7946e-06
1785798000067,5.7202e-06
1785801600008,9.4241e-06
1785805200042,5.1724e-06
1785808800059,1.25e-05
1785812400036,1.25e-05
1785816000044,1.25e-05
1785819600001,1.25e-05
1785823200063,4.559e-07
1785826800016,-1.2592e-06
1785830400083,8.7776e-06
1785834000027,-2.0694e-06
1785837600067,-7.7132e-06
1785841200006,3.9385e-06
1785844800003,1.22203e-05
1785848400003,7.61e-06
1785852000001,6.6402e-06
1785855600069,6.6378e-06
1785859200006,5.5411e-06
1785862800035,1.945e-06
1785866400001,2.923e-06
1785870000033,-9.478e-07
1785873600036,2.897e-06
1785877200011,5.014e-06
1785880800082,2.6213e-06
1785884400045,7.2214e-06
1785888000040,-4.7586e-06
1785891600007,-6.3896e-06
1785895200060,1.04449e-05
1785898800032,5.7148e-06
1785902400019,5.3112e-06
1785906000043,7.4786e-06
1785909600010,8.8746e-06
1785913200013,3.8049e-06
1785916800065,5.0181e-06
1785920400021,1.03047e-05
1785924000029,1.25e-05
1785927600049,2.342e-07
1785931200016,9.258e-07
1785934800061,-6.8206e-06
1785938400038,3.0143e-06
1785942000063,-4.6503e-06
1785945600007,-5.2202e-06
1785949200068,1.2631e-06
1785952800014,-1.6918e-06
1785956400133,6.5742e-06
1785960000038,3.9349e-06
1785963600016,1.7145e-06
1785967200017,-1.219e-07
1785970800053,-1.3185e-06
1785974400034,-6.356e-07
1785978000017,1.03837e-05
1785981600016,1.25e-05
1785985200000,9.9985e-06
1785988800043,1.15095e-05
1785992400018,1.25e-05
1785996000018,4.5674e-06
1785999600054,5.0413e-06
1786003200053,-3.5615e-06
1786006800043,-1.04905e-05
1786010400057,-5.8254e-06
1786014000016,-8.9056e-06
1786017600044,1.6639e-06
1786021200075,6.2042e-06
1786024800005,1.21793e-05
1786028400061,2.8139e-06
1786032000013,7.47e-07
1786035600090,7.0769e-06
1786039200024,1.1275e-06
1786042800007,3.3755e-06
1786046400058,4.2382e-06
1786050000092,8.1899e-06
1786053600021,4.0959e-06
1786057200017,5.7432e-06
1786060800071,6.722e-06
1786064400023,6.6714e-06
1786068000044,6.3921e-06
1786071600048,9.5502e-06
1786075200000,8.2941e-06
1786078800013,1.25e-05
1786082400046,6.1596e-06
1786086000038,4.4936e-06
1786089600012,5.3571e-06
1786093200017,4.812e-06
1786096800000,-4.6295e-06
1786100400051,-9.9657e-06
1786104000050,7.517e-07
1786107600003,-3.6871e-06
1786111200035,-7.3377e-06
1786114800012,2.1433e-06
1786118400008,4.6864e-06
1786122000017,2.7028e-06
1786125600061,7.7279e-06
1786129200031,1.8628e-06
1786132800028,-6.363e-07
1786136400024,-3.1677e-06
1786140000013,-2.8326e-06
1786143600070,-6.2416e-06
1786147200060,-3.4878e-06
1786150800011,-2.6263e-06
1786154400046,-6.448e-07
1786158000038,-8.053e-07
1786161600048,3.4063e-06
1786165200025,7.973e-06
1786168800010,4.4602e-06
1786172400028,7.5793e-06
1786176000037,1.8676e-06
1786179600020,7.1859e-06
1786183200032,5.5989e-06
1786186800028,7.3031e-06
1786190400039,1.9064e-06
1786194000048,2.249e-07
1786197600061,3.7403e-06
1786201200039,1.03643e-05
1786204800048,1.16551e-05
1786208400045,1.25e-05
1786212000001,1.25e-05
1786215600054,7.9939e-06
1786219200029,5.799e-07
1786222800040,7.632e-07
1786226400055,1.0885e-06
1786230000029,-4.6189e-06
1786233600006,5.8834e-06
1786237200048,4.6458e-06
1786240800010,7.7206e-06
1786244400022,6.1763e-06
1786248000019,6.9998e-06
1786251600037,7.5926e-06
1786255200035,8.1233e-06
1786258800066,6.3524e-06
1786262400003,3.771e-06
1786266000034,4.5137e-06
1786269600046,1.25e-05
1786273200046,7.4875e-06
1786276800041,1.21653e-05
1786280400020,2.9844e-06
1786284000018,8.6098e-06
1786287600054,5.1382e-06
1786291200032,-1.7894e-06
1786294800013,5.7059e-06
1786298400017,-2.0509e-06
1786302000035,-3.5059e-06
1786305600032,7.1602e-06
1786309200021,1.2476e-06
1786312800020,8.8951e-06
1786316400017,8.2009e-06
1786320000029,4.4336e-06
1786323600030,5.9101e-06
1786327200015,8.5157e-06
1786330800079,1.01357e-05
1786334400005,9.1852e-06
1786338000028,1.25e-05
1786341600066,1.25e-05
1786345200068,5.4127e-06
1786348800043,1.16814e-05
1786352400010,9.5582e-06
1786356000067,1.25e-05
1786359600043,1.25e-05
1786363200013,1.25e-05
1786366800029,1.25e-05
1786370400065,1.25e-05
1786374000001,1.25e-05
1786377600020,1.25e-05
1786381200047,1.25e-05
1786384800012,1.25e-05
1786388400045,1.25e-05
1786392000074,1.25e-05
1786395600052,1.25e-05
1786399200028,1.25e-05
1786402800066,1.25e-05
1786406400019,1.25e-05
1786410000033,1.25e-05
1786413600013,1.25e-05
1786417200120,1.25e-05
1786420800086,1.25e-05
1786424400010,1.25e-05
1786428000024,1.25e-05
1786431600002,1.25e-05
1786435200091,1.25e-05
1786438800123,1.25e-05
1786442400054,1.25e-05
1786446000035,9.2609e-06
1786449600025,7.5508e-06
1786453200053,1.172e-06
1786456800065,4.9417e-06
1786460400033,1.25e-05
1786464000039,1.12217e-05
1786467600008,9.8951e-06
1786471200017,1.25e-05
1786474800065,6.8449e-06
1786478400007,2.8934e-06
1786482000039,3.7948e-06
1786485600006,-4.04e-07
1786489200043,9.864e-07
1786492800012,1.8184e-06
1786496400060,9.7266e-06
1786500000027,1.25e-05
1786503600031,3.0474e-06
1786507200057,3.8001e-06
1786510800031,1.959e-06
1786514400069,3.0027e-06
1786518000076,8.8804e-06
1786521600044,1.04171e-05
1786525200033,2.8919e-06
1786528800035,5.998e-06
1786532400013,1.25e-05
1786536000003,9.9114e-06
1786539600045,1.14935e-05
1786543200026,1.25e-05
1786546800037,1.25e-05
1786550400020,1.25e-05
1786554000021,1.25e-05
1786557600049,1.25e-05
1786561200060,1.25e-05
1786564800062,1.25e-05
1786568400071,1.25e-05
1786572000056,1.25e-05
1786575600064,1.25e-05
1786579200046,1.25e-05
1786582800018,1.25e-05
1786586400072,1.25e-05
1786590000097,1.25e-05
1786593600123,1.25e-05
1786597200043,1.25e-05
1786600800032,1.25e-05
1786604400024,8.5818e-06
1786608000011,3.846e-07
1786611600047,8.789e-07
1786615200040,3.696e-06
1786618800125,9.7988e-06
1786622400048,8.1549e-06
1786626000026,1.25e-05
1786629600026,1.18671e-05
1786633200005,1.25e-05
1786636800072,1.25e-05
1786640400027,1.25e-05
1786644000032,1.25e-05
1786647600022,1.25e-05
1786651200056,1.25e-05
1786654800006,1.25e-05
1786658400055,1.25e-05
1786662000040,1.25e-05
1786665600060,1.25e-05
1786669200013,1.25e-05
1786672800047,1.25e-05
1786676400046,1.25e-05
1786680000050,1.25e-05
1786683600014,1.25e-05
1786687200046,1.25e-05
1786690800020,1.25e-05
1786694400030,1.25e-05
1786698000057,1.25e-05
1786701600038,1.25e-05
1786705200029,1.25e-05
1786708800062,1.25e-05
1786712400063,1.25e-05
1786716000048,1.25e-05
1786719600028,1.25e-05
1786723200013,1.25e-05
1786726800010,1.25e-05
1786730400038,1.25e-05
1786734000057,1.25e-05
1786737600048,1.25e-05
1786741200016,1.25e-05
1786744800052,1.25e-05
1786748400048,1.25e-05
1786752000032,1.25e-05
1786755600063,1.25e-05
1786759200031,1.25e-05
1786762800040,1.25e-05
1786766400026,1.25e-05
1786770000075,1.25e-05
1786773600058,1.25e-05
1786777200046,1.25e-05
1786780800048,1.25e-05
1786784400009,1.25e-05
1786788000038,1.25e-05
1786791600009,1.25e-05
1786795200003,1.25e-05
1786798800064,1.25e-05
1786802400035,1.25e-05
1786806000026,1.25e-05
1786809600025,1.25e-05
1786813200049,1.25e-05
1786816800053,1.25e-05
1786820400035,9.9101e-06
1786824000048,1.25e-05
1786827600042,1.0294e-05
1786831200030,1.25e-05
1786834800020,1.25e-05
1786838400059,1.25e-05
1786842000030,1.25e-05
1786845600028,1.25e-05
1786849200043,1.25e-05
1786852800072,1.25e-05
1786856400022,1.25e-05
1786860000092,6.7595e-06
1786863600086,1.25e-05
1786867200034,1.25e-05
1786870800012,1.25e-05
1786874400004,1.25e-05
1786878000134,1.16891e-05
1786881600014,1.25e-05
1786885200034,1.09822e-05
1786888800046,1.25e-05
1786892400056,1.25e-05
1786896000003,1.25e-05
1786899600005,8.2199e-06
1786903200030,1.17447e-05
1786906800057,1.25e-05
1786910400038,1.25e-05
1786914000030,6.397e-06
1786917600053,1.03011e-05
1786921200029,1.25e-05
1786924800025,1.25e-05
1786928400034,1.25e-05
1786932000055,9.4327e-06
1786935600039,1.07921e-05
1786939200011,8.2737e-06
1786942800046,7.6361e-06
1786946400026,4.7265e-06
1786950000030,2.644e-07
1786953600026,1.1236e-06
1786957200049,3.7078e-06
1786960800068,-9.839e-07
1786964400045,7.425e-07
1786968000013,2.7622e-06
1786971600064,-3.098e-06
1786975200067,5.794e-07
1786978800001,-8.265e-07
1786982400046,-3.4034e-06
1786986000061,-7.7952e-06
1786989600005,-2.8391e-06
1786993200018,-5.1835e-06
1786996800034,-1.34577e-05
1787000400020,-1.11512e-05
1787004000010,-1.38638e-05
1787007600046,-1.23404e-05
1787011200058,-1.14363e-05
1787014800012,-1.12613e-05
1787018400015,-1.1504e-05
1787022000001,-9.5643e-06
1787025600049,-2.3276e-06
1787029200016,-5.0045e-06
1787032800017,-3.588e-07
1787036400068,-2.1395e-06
1787040000049,-1.9325e-06
1787043600052,-5.434e-07
1787047200049,-4.8273e-06
1787050800026,1.09e-06
1787054400045,4.5366e-06
1787058000003,-2.0903e-06
1787061600021,2.5736e-06
1787065200028,-4.563e-07
1787068800001,2.1628e-06
1787072400026,-7.6785e-06
1787076000011,-2.8695e-06
1787079600048,-3.4418e-06
1787083200006,7.546e-07
1787086800097,3.3855e-06
1787090400016,2.0959e-06
1787094000008,3.8226e-06
1787097600012,1.25e-05
1787101200055,2.367e-06
1787104800016,-3.3533e-06
1787108400047,7.722e-07
1787112000009,6.1133e-06
1787115600008,7.8289e-06
1787119200051,6.1968e-06
1787122800034,1.5804e-06
1787126400027,4.111e-06
1787130000036,4.3357e-06
1787133600003,2.5711e-06
1787137200030,6.5025e-06
1787140800059,3.7062e-06
1787144400021,-5.874e-07
1787148000018,-7.706e-07
1787151600007,-5.729e-07
1787155200035,1.25e-05
1787158800001,1.25e-05
1787162400043,1.25e-05
1787166000035,1.03515e-05
1787169600063,7.2691e-06
1787173200026,1.25e-05
1787176800044,1.25e-05
1787180400004,1.25e-05
1787184000002,1.25e-05
1787187600057,1.25e-05
1787191200030,1.25e-05
1787194800020,1.25e-05
1787198400058,1.25e-05
1787202000050,1.25e-05
1787205600012,1.25e-05
1787209200099,1.25e-05
1787212800040,1.25e-05
1787216400047,1.25e-05
1787220000051,1.25e-05
1787223600038,1.25e-05
1787227200015,1.25e-05
1787230800021,1.25e-05
1787234400021,1.25e-05
1787238000042,1.25e-05
1787241600047,1.25e-05
1787245200009,1.25e-05
1787248800076,1.25e-05
1787252400031,1.25e-05
1787256000001,1.25e-05
1787259600054,1.25e-05
1787263200058,1.25e-05
1787266800039,7.8576e-06
1787270400024,1.15542e-05
1787274000054,1.25e-05
1787277600048,1.25e-05
1787281200027,1.25e-05
1787284800009,1.25e-05
1787288400060,1.25e-05
1787292000076,1.25e-05
1787295600033,1.25e-05
1787299200016,1.25e-05
1787302800050,1.25e-05
1787306400041,1.25e-05
1787310000054,1.25e-05
1787313600051,1.25e-05
1787317200021,1.25e-05
1787320800026,1.25e-05
1787324400009,1.25e-05
1787328000031,1.25e-05
1787331600024,1.25e-05
1787335200013,1.25e-05
1787338800035,1.25e-05
1787342400041,1.25e-05
1787346000063,1.25e-05
1787349600068,1.25e-05
1787353200016,1.25e-05
1787356800028,1.25e-05
1787360400065,1.25e-05
1787364000021,1.25e-05
1787367600014,1.25e-05
1787371200035,1.25e-05
1787374800032,2.00245e-05
1787378400054,1.25e-05
1787382000006,1.80129e-05
1787385600038,1.25e-05
1787389200006,1.25e-05
1787392800059,1.25e-05
1787396400030,1.25e-05
1787400000042,1.25e-05
1787403600069,1.25e-05
1787407200013,1.39297e-05
1787410800030,1.3762e-05
1787414400054,1.83655e-05
1787418000039,2.37022e-05
1787421600048,2.53473e-05
1787425200029,1.6638e-05
1787428800015,2.78738e-05
1787432400018,3.46891e-05
1787436000064,2.58199e-05
1787439600035,2.58502e-05
1787443200018,2.88143e-05
1787446800043,2.96141e-05
1787450400032,2.79927e-05
1787454000028,2.16775e-05
1787457600018,2.21886e-05
1787461200062,1.25e-05
1787464800028,1.25e-05
1787468400026,1.25e-05
1787472000061,1.25e-05
1787475600034,1.98047e-05
1787479200004,2.25142e-05
1787482800022,1.57986e-05
1787486400030,1.25e-05
1787490000067,1.25e-05
1787493600112,2.01648e-05
1787497200014,1.29964e-05
1787500800081,1.25e-05
1787504400049,1.25e-05
1787508000010,1.25e-05
1787511600007,1.25e-05
1787515200052,1.25e-05
1787518800055,1.25e-05
1787522400072,3.12444e-05
1787526000063,3.24491e-05
1787529600082,2.8976e-05
1787533200038,3.32124e-05
1787536800042,1.65587e-05
1787540400074,1.25e-05
1787544000019,1.25e-05
1787547600070,1.69376e-05
1787551200057,1.33537e-05
1787554800028,1.25e-05
1787558400005,2.24948e-05
1787562000013,1.25e-05
1787565600056,1.25e-05
1787569200088,1.25e-05
1787572800085,2.30331e-05
1787576400041,3.7785e-05
1787580000060,2.31871e-05
1787583600026,3.54289e-05
1787587200005,1.25e-05
1787590800093,1.25e-05
1787594400008,1.25e-05
1787598000031,1.25e-05
1787601600030,1.25e-05
1787605200009,1.25e-05
1787608800032,1.25e-05
1787612400041,1.25e-05
1787616000004,1.25e-05
1787619600045,1.25e-05
1787623200006,1.25e-05
1787626800017,1.25e-05
1787630400028,1.25e-05
1787634000025,1.25e-05
1787637600001,1.25e-05
1787641200025,1.25e-05
1787644800008,1.25e-05
1787648400046,1.25e-05
1787652000015,1.25e-05
1787655600008,1.25e-05
1787659200027,1.25e-05
1787662800038,1.25e-05
1787666400013,1.25e-05
1787670000026,1.25e-05
1787673600058,1.25e-05
1787677200010,1.25e-05
1787680800007,1.25e-05
1787684400134,1.25e-05
1787688000049,1.25e-05
1787691600059,1.25e-05
1787695200005,1.25e-05
1787698800001,1.25e-05
1787702400048,9.0053e-06
1787706000049,1.25e-05
1787709600048,1.25e-05
1787713200037,1.25e-05
1787716800048,1.25e-05
1787720400049,1.25e-05
1787724000008,1.25e-05
1787727600018,1.25e-05
1787731200007,1.25e-05
1787734800067,1.25e-05
1787738400032,1.25e-05
1787742000018,1.25e-05
1787745600022,1.25e-05
1787749200003,1.25e-05
1787752800026,1.25e-05
1787756400057,1.25e-05
1787760000034,1.25e-05
1787763600021,1.25e-05
1787767200046,1.25e-05
1787770800041,1.25e-05
1787774400068,1.25e-05
1787778000039,1.25e-05
1787781600019,1.25e-05
1787785200002,1.25e-05
1787788800012,1.25e-05
1787792400004,1.25e-05
1787796000013,1.25e-05
1787799600029,1.25e-05
1787803200091,1.25e-05
1787806800010,1.25e-05
1787810400041,1.25e-05
1787814000047,1.25e-05
1787817600119,1.25e-05
1787821200047,1.25e-05
1787824800056,1.25e-05
1787828400074,1.25e-05
1787832000043,1.25e-05
1787835600066,1.25e-05
1787839200035,1.25e-05
1787842800045,1.25e-05
1787846400033,1.25e-05
1787850000032,1.25e-05
1787853600059,1.02038e-05
1787857200062,1.25e-05
1787860800016,1.25e-05
1787864400051,1.25e-05
1787868000040,1.25e-05
1787871600056,1.25e-05
1787875200079,1.25e-05
1787878800049,1.25e-05
1787882400026,1.25e-05
1787886000001,1.04552e-05
1787889600011,1.13113e-05
1787893200031,9.9497e-06
1787896800038,1.25e-05
1787900400038,1.25e-05
1787904000046,1.25e-05
1787907600010,1.25e-05
1787911200037,1.0785e-05
1787914800083,1.25e-05
1787918400038,1.25e-05
1787922000059,7.9799e-06
1787925600018,8.5158e-06
1787929200090,1.25e-05
1787932800011,1.25e-05
1787936400016,1.25e-05
1787940000049,1.25e-05
1787943600018,6.632e-06
1787947200046,1.24229e-05
1787950800058,1.25e-05
1787954400045,1.25e-05
1787958000040,1.25e-05
1787961600069,1.25e-05
1787965200048,1.25e-05
1787968800035,7.3613e-06
1787972400001,8.807e-06
1787976000012,9.353e-06
1787979600068,1.25e-05
1787983200061,1.25e-05
1787986800027,1.25e-05
1787990400053,1.25e-05
1787994000044,8.063e-06
1787997600025,1.25e-05
1788001200058,1.25e-05
1788004800032,1.25e-05
1788008400009,1.25e-05
1788012000049,1.25e-05
1788015600035,1.25e-05
1788019200095,1.25e-05
1788022800100,1.25e-05
1788026400034,1.25e-05
1788030000041,1.25e-05
1788033600019,1.25e-05
1788037200076,1.25e-05
1788040800041,1.25e-05
1788044400024,1.25e-05
1788048000065,1.25e-05
1788051600015,1.25e-05
1788055200010,1.25e-05
1788058800046,1.25e-05
1788062400018,1.25e-05
1788066000035,1.25e-05
1788069600001,1.25e-05
1788073200050,1.25e-05
1788076800036,1.25e-05
1788080400017,1.25e-05
1788084000042,1.25e-05
1788087600049,1.25e-05
1788091200098,1.25e-05
1788094800029,1.25e-05
1788098400047,1.25e-05
1788102000016,1.25e-05
1788105600036,1.25e-05
1788109200018,1.25e-05
1788112800008,1.25e-05
1788116400043,1.25e-05
1788120000027,1.25e-05
1788123600036,1.25e-05
1788127200071,1.25e-05
1788130800052,1.25e-05
1788134400007,1.25e-05
1788138000050,1.25e-05
1788141600067,1.25e-05
1788145200034,1.25e-05
1788148800052,1.25e-05
1788152400000,1.25e-05
1788156000017,1.25e-05
1788159600011,1.25e-05
1788163200063,1.25e-05
1788166800032,1.25e-05
1788170400053,1.25e-05
1788174000036,1.25e-05
1788177600050,1.25e-05
1788181200063,1.25e-05
1788184800028,1.25e-05
1788188400047,1.25e-05
1788192000044,1.25e-05
1788195600042,1.25e-05
1788199200059,1.25e-05
1788202800043,1.25e-05
1788206400026,1.25e-05
1788210000044,1.25e-05
1788213600071,1.25e-05
1788217200129,1.25e-05
1788220800019,1.25e-05
1788224400054,1.25e-05
1788228000000,1.25e-05
1788231600044,1.25e-05
1788235200029,1.25e-05
1788238800033,1.25e-05
1788242400013,1.25e-05
1788246000067,1.25e-05
1788249600022,1.25e-05
1788253200003,1.25e-05
1788256800048,1.25e-05
1788260400054,1.25e-05
1788264000019,1.25e-05
1788267600031,1.25e-05
1788271200043,1.25e-05
1788274800043,1.25e-05
1788278400038,1.25e-05
1788282000051,1.25e-05
1788285600016,1.25e-05
1788289200007,1.25e-05
1788292800012,1.25e-05
1788296400010,1.25e-05
1788300000006,1.25e-05
1788303600005,1.25e-05
1788307200047,1.25e-05
1788310800015,1.25e-05
1788314400015,1.25e-05
1788318000012,1.25e-05
1788321600068,1.25e-05
1788325200032,1.25e-05
1788328800018,1.25e-05
1788332400034,1.25e-05
1788336000029,1.25e-05
1788339600002,1.25e-05
1788343200031,1.25e-05
1788346800076,1.25e-05
1788350400021,1.25e-05
1788354000073,1.25e-05
1788357600004,1.25e-05
1788361200060,1.25e-05
1788364800044,1.25e-05
1788368400004,1.25e-05
1788372000004,1.25e-05
1788375600017,1.25e-05
1788379200046,1.25e-05
1788382800055,1.25e-05
1788386400010,1.25e-05
1788390000041,1.25e-05
1788393600075,1.25e-05
1788397200052,1.25e-05
1788400800011,1.25e-05
1788404400026,1.25e-05
1788408000025,1.25e-05
1788411600015,1.25e-05
1788415200016,1.25e-05
1788418800040,1.25e-05
1788422400025,1.25e-05
1788426000011,1.25e-05
1788429600005,1.25e-05
1788433200031,1.25e-05
1788436800063,1.25e-05
1788440400007,1.25e-05
1788444000032,1.25e-05
1788447600014,1.25e-05
1788451200021,1.25e-05
1788454800038,1.25e-05
1788458400030,1.25e-05
1788462000039,3.6007e-06
1788465600007,9.5318e-06
1788469200047,-2.0564e-06
1788472800059,6.642e-06
1788476400059,1.9582e-06
1788480000030,1.25e-05
1788483600062,1.25e-05
1788487200002,4.3313e-06
1788490800028,4.6781e-06
1788494400049,1.25e-05
1788498000080,1.25e-05
1788501600034,1.25e-05
1788505200017,1.25e-05
1788508800050,1.25e-05
1788512400048,1.25e-05
1788516000025,1.25e-05
1788519600028,1.25e-05
1788523200038,1.25e-05
1788526800038,1.25e-05
1788530400057,1.25e-05
1788534000045,1.25e-05
1788537600041,5.3386e-06
1788541200047,1.25e-05
1788544800018,1.25e-05
1788548400002,1.25e-05
1788552000122,1.25e-05
1788555600044,1.25e-05
1788559200003,1.25e-05
1788562800000,7.2241e-06
1788566400005,7.018e-06
1788570000016,8.4909e-06
1788573600063,7.4789e-06
1788577200037,8.866e-06
1788580800024,1.25e-05
1788584400089,6.435e-06
1788588000040,9.6518e-06
1788591600013,1.25e-05
1788595200002,9.3555e-06
1788598800072,8.6426e-06
1788602400044,9.5552e-06
1788606000016,2.876e-07
1788609600053,2.8428e-06
1788613200049,-1.3164e-06
1788616800049,4.271e-06
1788620400047,8.7441e-06
1788624000012,8.8472e-06
1788627600018,1.25e-05
1788631200022,1.25e-05
1788634800048,1.25e-05
1788638400032,1.25e-05
1788642000040,8.4494e-06
1788645600045,1.25e-05
1788649200059,1.25e-05
1788652800016,1.25e-05
1788656400049,1.25e-05
1788660000027,1.25e-05
1788663600010,1.25e-05
1788667200036,1.25e-05
1788670800040,1.25e-05
1788674400097,1.25e-05
1788678000116,1.25e-05
1788681600054,1.25e-05
1788685200005,1.25e-05
1788688800109,1.25e-05
1788692400065,1.25e-05
1788696000035,1.25e-05
1788699600035,1.25e-05
1788703200037,1.25e-05
1788706800045,1.25e-05
1788710400038,1.25e-05
1788714000013,1.25e-05
1788717600120,1.25e-05
1788721200100,1.25e-05
1788724800069,1.25e-05
1788728400040,1.25e-05
1788732000015,1.25e-05
1788735600002,1.25e-05
1788739200041,1.25e-05
1788742800051,1.25e-05
1788746400029,1.25e-05
1788750000059,1.25e-05
1788753600054,1.25e-05
1788757200057,1.25e-05
1788760800053,1.25e-05
1788764400019,1.25e-05
1788768000025,1.07951e-05
1788771600038,1.05166e-05
1788775200012,1.25e-05
1788778800029,1.25e-05
1788782400039,1.25e-05
1788786000056,1.25e-05
1788789600026,1.25e-05
1788793200045,1.7795e-06
1788796800043,-2.523e-06
1788800400049,-3.9077e-06
1788804000043,-3.7952e-06
1788807600028,-1.13921e-05
1788811200060,-1.0796e-06
1788814800039,-8.0253e-06
1788818400004,-1.11157e-05
1788822000016,-1.24539e-05
1788825600043,-9.0535e-06
1788829200050,-6.2706e-06
1788832800031,-4.5839e-06
1788836400017,-3.9132e-06
1788840000012,5.1997e-06
1788843600011,-3.2788e-06
1788847200009,-9.6218e-06
1788850800043,-8.2712e-06
1788854400047,-4.9481e-06
1788858000016,-5.4604e-06
1788861600042,5.987e-06
1788865200085,1.25e-05
1788868800040,5.4036e-06
1788872400038,7.4786e-06
1788876000053,1.25e-05
1788879600048,1.25e-05
1788883200040,1.25e-05
1788886800031,1.25e-05
1788890400039,1.17931e-05
1788894000054,1.25e-05
1788897600014,5.8715e-06
1788901200003,1.845e-06
1788904800061,4.5582e-06
1788908400052,9.8287e-06
1788912000076,9.8551e-06
1788915600108,1.05909e-05
1788919200131,1.25e-05
1788922800011,1.25e-05
1788926400015,1.25e-05
1788930000032,1.25e-05
1788933600010,1.25e-05
1788937200046,1.25e-05
1788940800029,1.25e-05
1788944400015,1.25e-05
1788948000067,1.25e-05
1788951600005,1.25e-05
1788955200034,1.25e-05
1788958800049,1.25e-05
1788962400073,1.25e-05
1788966000054,1.25e-05
1788969600030,1.25e-05
1788973200075,1.25e-05
1788976800032,1.25e-05
1788980400057,1.25e-05
1788984000027,1.6849e-06
1788987600023,-3.6421e-06
1788991200015,-7.3913e-06
1788994800058,-1.05282e-05
1788998400013,-2.7577e-06
1789002000046,5.0509e-06
1789005600018,-1.429e-06
1789009200048,1.2553e-06
1789012800047,1.10503e-05
1789016400010,1.094e-05
1789020000021,1.10442e-05
1789023600026,8.3287e-06
1789027200027,-1.3024e-06
1789030800040,7.2217e-06
1789034400112,9.4897e-06
1789038000012,5.8632e-06
1789041600126,1.00655e-05
1789045200008,1.25e-05
1789048800007,1.25e-05
1789052400004,1.25e-05
1789056000091,1.25e-05
1789059600001,1.25e-05
1789063200063,1.25e-05
1789066800045,1.25e-05
1789070400028,1.25e-05
1789074000110,1.25e-05
1789077600028,1.25e-05
1789081200007,1.25e-05
1789084800040,1.03871e-05
1789088400030,1.25e-05
1789092000019,1.25e-05
1789095600118,1.25e-05
1789099200030,1.25e-05
1789102800018,1.25e-05
1789106400042,1.25e-05
1789110000124,1.25e-05
1789113600085,1.25e-05
1789117200037,8.4408e-06
1789120800021,-7.3345e-06
1789124400046,-3.3257e-06
1789128000006,3.8944e-06
1789131600057,1.25e-05
1789135200020,1.25e-05
1789138800047,1.25e-05
1789142400047,1.25e-05
1789146000028,1.25e-05
1789149600021,6.6828e-06
1789153200011,-1.242e-07
1789156800017,-1.48e-07
1789160400000,9.324e-07
1789164000041,-6.8663e-06
1789167600007,-9.285e-07
1789171200064,-5.033e-07
1789174800041,1.03924e-05
1789178400023,1.25e-05
1789182000036,1.08623e-05
1789185600037,4.2242e-06
1789189200028,1.07257e-05
1789192800003,4.5516e-06
1789196400009,5.3916e-06
1789200000039,-7.2826e-06
1789203600059,-1.31739e-05
1789207200014,-1.59518e-05
1789210800059,-9.8374e-06
1789214400037,-5.62e-07
1789218000041,2.403e-06
1789221600000,5.8827e-06
1789225200104,5.4689e-06
1789228800001,-3.1821e-06
1789232400043,4.3977e-06
1789236000008,4.764e-07
1789239600008,-4.5448e-06
1789243200022,4.0269e-06
1789246800010,5.6104e-06
1789250400013,6.007e-06
1789254000043,4.127e-06
1789257600049,5.7025e-06
1789261200026,9.6371e-06
1789264800029,1.25e-05
1789268400061,1.25e-05
1789272000042,1.25e-05
1789275600117,1.1898e-05
1789279200007,3.5602e-06
1789282800041,9.1338e-06
1789286400020,1.698e-07
1789290000029,-3.819e-06
1789293600008,-1.29538e-05
1789297200026,-1.38582e-05
1789300800053,-1.18779e-05
1789304400019,-1.07648e-05
1789308000107,-9.1562e-06
1789311600038,9.372e-06
1789315200070,-7.9395e-06
1789318800040,6.4524e-06
1789322400042,1.25e-05
1789326000020,1.25e-05
1789329600000,1.25e-05
1789333200020,1.25e-05
1789336800010,1.25e-05
1789340400023,1.25e-05
1789344000068,1.25e-05
1789347600018,1.25e-05
1789351200022,1.25e-05
1789354800024,1.25e-05
1789358400022,1.25e-05
1789362000040,1.25e-05
1789365600057,1.25e-05
1789369200040,1.25e-05
1789372800034,1.25e-05
1789376400007,1.25e-05
1789380000021,1.25e-05
1789383600121,1.02144e-05
1789387200046,1.25e-05
1789390800014,1.25e-05
1789394400028,1.25e-05
1789398000030,1.25e-05
1789401600030,1.25e-05
1789405200041,1.25e-05
1789408800060,1.25e-05
1789412400016,1.25e-05
1789416000079,1.25e-05
1789419600027,1.25e-05
1789423200047,1.25e-05
1789426800132,9.7039e-06
1789430400024,1.25e-05
1789434000042,1.25e-05
1789437600052,1.25e-05
1789441200097,1.25e-05
1789444800037,1.25e-05
1789448400016,1.25e-05
1789452000003,1.25e-05
1789455600083,8.608e-06
1789459200008,-3.1248e-06
1789462800049,1.25e-05
1789466400030,1.25e-05
1789470000036,1.25e-05
1789473600039,1.25e-05
1789477200117,1.25e-05
1789480800005,1.25e-05
1789484400050,1.25e-05
1789488000014,1.25e-05
1789491600014,9.533e-06
1789495200017,1.25e-05
1789498800047,1.03109e-05
1789502400033,1.23598e-05
1789506000077,9.3333e-06
1789509600043,9.1338e-06
1789513200062,1.02072e-05
1789516800021,1.08086e-05
1789520400024,1.21721e-05
1789524000058,1.25e-05
1789527600035,1.25e-05
1789531200018,1.25e-05
1789534800004,1.25e-05
1789538400081,1.25e-05
1789542000026,1.25e-05
1789545600035,1.25e-05
1789549200091,9.959e-06
1789552800004,1.2349e-05
1789556400029,1.25e-05
1789560000079,1.25e-05
1789563600018,1.25e-05
1789567200013,1.25e-05
1789570800012,1.25e-05
1789574400037,1.25e-05
1789578000112,1.25e-05
1789581600011,1.25e-05
1789585200054,1.25e-05
1789588800091,1.25e-05
1789592400031,7.4758e-06
1789596000002,6.5189e-06
1789599600022,5.4607e-06
1789603200048,1.25e-05
1789606800065,9.8194e-06
1789610400031,9.0291e-06
1789614000045,1.25e-05
1789617600038,1.25e-05
1789621200068,1.08292e-05
1789624800010,1.07686e-05
1789628400016,4.9277e-06
1789632000011,8.1083e-06
1789635600001,9.5561e-06
1789639200041,1.24143e-05
1789642800058,8.3764e-06
1789646400058,4.1969e-06
1789650000018,1.07079e-05
1789653600029,1.25e-05
1789657200000,1.25e-05
1789660800021,1.25e-05
1789664400089,1.25e-05
1789668000043,1.25e-05
1789671600007,1.25e-05
1789675200068,1.25e-05
1789678800016,1.25e-05
1789682400006,1.25e-05
1789686000018,9.5972e-06
1789689600005,1.14752e-05
1789693200106,6.8916e-06
1789696800015,1.22229e-05
1789700400050,5.0862e-06
1789704000030,7.6136e-06
1789707600009,1.16053e-05
1789711200035,1.25e-05
1789714800058,9.9136e-06
1789718400019,1.25e-05
1789722000028,1.25e-05
1789725600041,1.25e-05
1789729200059,1.25e-05
1789732800005,1.25e-05
1789736400054,1.25e-05
1789740000014,1.25e-05
1789743600019,1.25e-05
1789747200023,1.25e-05
1789750800033,1.25e-05
1789754400069,1.25e-05
1789758000083,1.25e-05
1789761600036,1.25e-05
1789765200033,1.25e-05
1789768800024,1.25e-05
1789772400009,1.25e-05
1789776000048,1.25e-05
1789779600049,1.25e-05
1789783200035,1.25e-05
1789786800051,1.25e-05
1789790400012,1.25e-05
1789794000045,1.25e-05
1789797600067,1.25e-05
1789801200050,1.25e-05
1789804800095,1.60878e-05
1789808400016,1.25e-05
1789812000053,1.25e-05
1789815600055,1.25e-05
1789819200053,1.25e-05
1789822800026,1.25e-05
1789826400022,1.25e-05
1789830000035,1.25e-05
1789833600032,1.25e-05
1789837200015,1.25e-05
1789840800037,1.25e-05
1789844400030,1.25e-05
1789848000021,1.25e-05
1789851600054,1.25e-05
1789855200034,1.25e-05
1789858800052,1.25e-05
1789862400057,1.25e-05
1789866000055,1.25e-05
1789869600005,1.25e-05
1789873200039,1.25e-05
1789876800051,1.25e-05
1789880400014,1.25e-05
1789884000017,1.25e-05
1789887600013,1.25e-05
1789891200021,1.25e-05
1789894800064,1.25e-05
1789898400052,1.25e-05
1789902000044,1.25e-05
1789905600043,1.25e-05
1789909200064,1.25e-05
1789912800025,1.25e-05
1789916400037,1.25e-05
1789920000035,1.25e-05
1789923600004,1.25e-05
1789927200038,1.25e-05
1789930800013,1.25e-05
1789934400046,1.25e-05
1789938000056,1.25e-05
1789941600032,1.25e-05
1789945200033,1.25e-05
1789948800072,1.25e-05
1789952400054,1.25e-05
1789956000032,1.25e-05
1789959600007,1.25e-05
1789963200070,1.25e-05
1789966800008,1.25e-05
1789970400040,1.25e-05
1789974000047,1.25e-05
1789977600069,1.25e-05
1789981200073,2.84316e-05
1789984800022,8.97697e-05
1789988400040,2.3337e-05
1789992000012,1.25e-05
1789995600016,4.77311e-05
1789999200050,1.89847e-05
1790002800016,2.01425e-05
1790006400108,2.87258e-05
1790010000083,1.7139e-05
1790013600013,1.88648e-05
1790017200031,1.88614e-05
1790020800056,2.06154e-05
1790024400050,1.70272e-05
1790028000000,1.25e-05
1790031600034,1.25e-05
1790035200028,1.25e-05
1790038800043,1.25e-05
1790042400020,1.25e-05
1790046000012,1.25e-05
1790049600050,1.25e-05
1790053200001,1.25e-05
1790056800032,1.25e-05
1790060400019,1.25e-05
1790064000012,1.66959e-05
1790067600013,1.63722e-05
1790071200001,1.86412e-05
1790074800014,2.00887e-05
1790078400053,1.79008e-05
1790082000080,1.61461e-05
1790085600059,1.25e-05
1790089200000,1.25e-05
1790092800071,1.25e-05
1790096400085,1.25e-05
1790100000057,1.25e-05
1790103600072,1.25e-05
1790107200040,1.25e-05
1790110800004,1.25e-05
1790114400062,1.25e-05
1790118000027,1.25e-05
1790121600031,1.25e-05
1790125200061,1.25e-05
1790128800025,1.25e-05
1790132400051,1.25e-05
1790136000024,1.25e-05
1790139600009,1.25e-05
1790143200005,1.25e-05
1790146800002,1.26308e-05
1790150400033,1.25e-05
1790154000065,1.25e-05
1790157600062,1.25e-05
1790161200047,1.25e-05
1790164800030,1.25e-05
1790168400050,1.25e-05
1790172000043,1.25e-05
1790175600003,1.25e-05
1790179200048,1.25e-05
1790182800005,1.25e-05
1790186400074,1.25e-05
1790190000015,1.25e-05
1790193600071,1.25e-05
1790197200118,1.17345e-05
1790200800015,1.25e-05
1790204400039,1.25e-05
1790208000045,1.25e-05
1790211600025,1.25e-05
1790215200029,1.25e-05
1790218800001,-7.2281e-06
1790222400038,-6.0906e-06
1790226000007,-1.5464e-06
1790229600061,1.554e-07
1790233200056,1.3191e-06
1790236800017,1.17261e-05
1790240400034,3.7601e-06
1790244000011,-2.5908e-06
1790247600045,1.25e-05
1790251200065,1.25e-05
1790254800003,1.25e-05
1790258400035,1.25e-05
1790262000014,1.25e-05
1790265600030,1.25e-05
1790269200058,1.25e-05
1790272800058,1.25e-05
1790276400018,1.25e-05
1790280000054,1.25e-05
1790283600088,1.25e-05
1790287200013,1.25e-05
1790290800038,1.25e-05
1790294400076,1.25e-05
1790298000027,1.25e-05
1790301600059,1.25e-05
1790305200086,1.25e-05
1790308800036,1.25e-05
1790312400040,1.25e-05
1790316000121,1.25e-05
1790319600043,1.25e-05
1790323200066,1.25e-05
1790326800051,1.25e-05
1790330400040,1.25e-05
1790334000005,1.25e-05
1790337600040,1.25e-05
1790341200017,1.25e-05
1790344800040,1.25e-05
1790348400042,1.25e-05
1790352000015,1.25e-05
1790355600045,1.25e-05
1790359200046,1.25e-05
1790362800061,1.25e-05
1790366400094,1.25e-05
1790370000019,1.25e-05
1790373600065,6.5881e-06
1790377200029,1.25e-05
1790380800002,7.4391e-06
1790384400063,5.1046e-06
1790388000051,7.4897e-06
1790391600063,7.1759e-06
1790395200127,1.15215e-05
1790398800053,9.1074e-06
1790402400003,9.395e-06
1790406000062,1.04235e-05
1790409600016,9.4943e-06
1790413200003,8.2963e-06
1790416800067,1.25e-05
1790420400004,1.25e-05
1790424000047,1.25e-05
1790427600035,1.11208e-05
1790431200006,1.06422e-05
1790434800060,1.25e-05
1790438400023,1.25e-05
1790442000074,1.25e-05
1790445600064,8.2686e-06
1790449200041,6.9574e-06
1790452800001,4.6593e-06
1790456400055,4.3499e-06
1790460000014,2.7785e-06
1790463600010,8.5709e-06
1790467200067,1.25e-05
1790470800109,1.25e-05
1790474400044,1.25e-05
1790478000037,1.25e-05
1790481600064,1.25e-05
1790485200078,1.25e-05
1790488800004,1.25e-05
1790492400103,1.25e-05
1790496000019,1.25e-05
1790499600102,1.25e-05
1790503200009,1.25e-05
1790506800042,1.25e-05
1790510400075,1.25e-05
1790514000029,1.25e-05
1790517600041,1.25e-05
1790521200029,1.25e-05
1790524800057,1.25e-05
1790528400015,1.25e-05
1790532000004,1.25e-05
1790535600037,1.25e-05
1790539200040,1.25e-05
1790542800090,7.2729e-06
1790546400030,1.25e-05
1790550000045,7.7054e-06
1790553600025,7.9535e-06
1790557200001,1.21536e-05
1790560800063,1.0614e-06
1790564400036,-6.533e-06
1790568000046,-1.02659e-05
1790571600037,-5.0762e-06
1790575200119,-5.6554e-06
1790578800055,1.6044e-06
1790582400052,2.2113e-06
1790586000028,1.07418e-05
1790589600018,1.25e-05
1790593200027,1.25e-05
1790596800054,1.25e-05
1790600400050,1.25e-05
1790604000070,1.25e-05
1790607600054,1.25e-05
1790611200046,1.25e-05
1790614800018,1.25e-05
